String / string group: ['re use', 'reuse', 're using', 'reusing']

titles
year;number of occurrences;corresponding docdb family IDs
2004;1;{32069326}
2009;1;{40394162}
2010;1;{43098805}
2011;2;{45371217, 43844582}
2013;2;{47429953, 48865446}
2014;1;{49913453}
2016;1;{55456581}
2018;5;{61280450, 60937890, 61129474, 63918410, 61759031}
2019;5;{65367784, 68467560, 65948886, 67067740, 66189983}

abstracts
year;number of occurrences;corresponding docdb family IDs
2000;3;{17939624, 19615154, 11556126}
2001;1;{18614279}
2002;1;{18710688}
2003;2;{27788265, 19040220}
2004;1;{31946364}
2006;1;{35784005}
2008;2;{39590444, 39123527}
2009;4;{40453756, 40600666, 41454580, 41315562}
2010;1;{42991482}
2011;10;{45397920, 44562918, 43844582, 44011496, 44186663, 44167153, 45371217, 45097909, 45097881, 43900475}
2012;7;{46454760, 45938093, 46929650, 46005330, 47234515, 46198422, 46544890}
2013;4;{49258128, 47429953, 49858610, 48981767}
2014;7;{51791555, 49913388, 49913453, 49911726, 51729552, 51728595, 47178101}
2015;3;{54168296, 52627873, 53758967}
2016;10;{54477888, 57277761, 55456581, 55828517, 55828518, 55302826, 56984078, 57440304, 55651868, 56798719}
2017;5;{59310505, 59258318, 59624174, 60788443, 59630174}
2018;7;{60937890, 61129474, 63918410, 62907340, 60915254, 61658429, 58772414}
2019;20;{66277773, 68057230, 66630414, 68727833, 66448410, 66189983, 68781600, 65514795, 68547008, 68616395, 68100428, 66251600, 68825302, 65948886, 65367784, 68467560, 68501353, 66655726, 66100345, 67300602}



String / string group: ['recycle', 'recycling']

titles
year;number of occurrences;corresponding docdb family IDs
2000;3;{22861649, 16161498, 26344853}
2002;1;{18840919}
2003;4;{22017978, 19040220, 27678006, 27784855}
2005;1;{34098357}
2006;1;{35355338}
2007;3;{39140573, 38327205, 38181782}
2008;1;{39904678}
2009;4;{41684178, 41001602, 40264732, 41429903}
2010;1;{42073930}
2011;9;{44903845, 43844582, 44318598, 44130762, 43821325, 44071954, 44216691, 44353173, 43900475}
2012;2;{46544890, 46039898}
2013;6;{49292547, 48817160, 46982666, 48721742, 49220086, 47677142}
2014;4;{50341842, 50862732, 51299854, 50278247}
2015;8;{49917509, 54701638, 49911687, 53180072, 53877584, 54934864, 54016562, 53274068}
2016;14;{55749831, 55302826, 55302827, 56594090, 56872879, 55552304, 55537233, 57248625, 56872403, 56747604, 56879156, 56014710, 53487256, 56798719}
2017;5;{60324744, 59014700, 58764339, 58340312, 58797913}
2018;15;{61140225, 61129474, 61280450, 62021863, 63918410, 61256531, 63198164, 63971603, 63096886, 64105012, 63108376, 63263673, 62814875, 63674268, 63916863}
2019;18;{67255008, 67066843, 68467560, 65900298, 65514795, 68856236, 67951023, 61827664, 65352305, 62091762, 65041299, 65948886, 66297910, 68119288, 68727833, 60673915, 68850012, 66189983}

abstracts
year;number of occurrences;corresponding docdb family IDs
2000;4;{22861649, 19615154, 26344853, 26446706}
2001;2;{8850845, 18598455}
2002;2;{19016313, 11133546}
2003;4;{4676280, 19189204, 19040220, 27784855}
2004;3;{29723761, 32896595, 33436425}
2005;2;{34736282, 34098357}
2006;4;{35462256, 35355338, 36601995, 35784005}
2007;5;{38071653, 38684464, 38181782, 38667894, 39140573}
2008;2;{39314160, 39725451}
2009;4;{41214824, 41684178, 41314980, 41429903}
2010;4;{42073930, 42153676, 43222157, 52727522}
2011;24;{44318598, 44800522, 43821325, 44815246, 44071954, 44367252, 44353173, 44277145, 41786398, 44903845, 45097909, 43900475, 44267196, 44959680, 44359749, 44130762, 45371217, 44598614, 44174936, 41736033, 43844582, 41786347, 44216691, 44482943}
2012;15;{47217248, 47265568, 46797667, 46815306, 43743532, 45380621, 47423166, 45446064, 45424723, 45440630, 46198422, 46894425, 46039898, 47217245, 46815806}
2013;17;{47501216, 49292547, 48696166, 49368582, 48817160, 46982666, 48721742, 48465783, 48698865, 49858610, 49688179, 49564564, 49551221, 48904918, 47677142, 47506710, 49220086}
2014;11;{52229283, 50475588, 51620133, 49920681, 49956041, 51523499, 51132526, 51299854, 50341842, 50252248, 51769819}
2015;18;{54907908, 49911687, 52142952, 53866763, 53620715, 53620716, 55080718, 53813679, 53125936, 53402929, 54016562, 53681554, 53274068, 53877584, 53369590, 54934864, 53092698, 54766206}
2016;27;{55753606, 55651868, 55549859, 56614436, 55302826, 55302827, 56594090, 51211566, 56872879, 55552304, 56996143, 56879156, 55749825, 57048641, 55263171, 55455684, 55456581, 57584324, 55749831, 55264591, 55537233, 56872403, 56747604, 57087833, 56284148, 56014710, 56798719}
2017;19;{57485827, 60324744, 58601490, 53498910, 59434151, 58988841, 58762286, 59275954, 58940723, 59314233, 59832002, 59228611, 58762967, 58340312, 59398751, 60382689, 59499367, 59115239, 59018476}
2018;21;{61140225, 61129474, 64454152, 63971603, 63108376, 63674268, 62110365, 63042223, 61246384, 64105012, 63096886, 62955321, 63263673, 62653500, 61906114, 63918410, 62907340, 61256531, 63198164, 63925470, 64363500}
2019;36;{66631809, 66819970, 65900298, 66750603, 68059276, 66277773, 66282510, 65051407, 68515085, 67991058, 65041299, 68616211, 68727833, 66964507, 66189983, 67218345, 65514795, 68856236, 66297910, 67009848, 65655870, 68547008, 66673476, 66820940, 61827664, 65948886, 68850012, 68769117, 64798046, 67908577, 65001701, 68467560, 65352305, 62091762, 65233142, 68119288}



String / string group: ['reduce', 'reducing']

titles
year;number of occurrences;corresponding docdb family IDs
2000;2;{22664610, 27337611}
2001;3;{7921592, 20076538, 16978397}
2002;8;{22893154, 7682642, 7673620, 18893974, 25278550, 20287066, 18728955, 50781020}
2003;4;{40428018, 25483634, 28674699, 34227261}
2004;3;{32868337, 32468874, 31896270}
2005;2;{35239257, 34745325}
2006;3;{35927540, 36973004, 36677878}
2007;4;{38281993, 38372484, 38089725, 39061405}
2008;6;{39269061, 38859621, 40136837, 38523403, 39563729, 39185756}
2009;5;{39580000, 41279462, 40623210, 40281067, 40070928}
2010;5;{42562089, 41479181, 42229720, 40992798, 42933855}
2011;8;{44833920, 44341027, 44859881, 44483982, 44318577, 44675953, 43302675, 44712412}
2012;13;{44584199, 45953191, 46652990, 45567853, 45971312, 45421010, 45773107, 46018994, 45774201, 44629082, 46315742, 47335454, 46208057}
2013;14;{59601761, 48694313, 47713530, 49714697, 47018188, 47018828, 47633105, 47665972, 45023573, 48998334, 47595768, 46796313, 48873178, 48171710}
2014;20;{50383366, 51488136, 49945995, 49879839, 52105253, 51901094, 50623143, 50621736, 50382896, 51428661, 52229947, 50490050, 51060823, 49231577, 48877027, 51060452, 50980199, 46832749, 51264118, 51484664}
2015;15;{52143361, 53799002, 51655689, 52693450, 50289707, 52823852, 53485100, 54802524, 54324052, 53778613, 53773494, 52690391, 53045466, 53754135, 54018359}
2016;16;{55638080, 57451233, 55674626, 55236999, 57734151, 56433481, 54151405, 57203982, 55400653, 55581785, 55025402, 57128991, 56937660, 56278205, 54252094, 55803487}
2017;16;{59078208, 59625441, 58485795, 57607463, 58692615, 60664425, 59496398, 58695694, 58769424, 59387763, 58406964, 57738517, 58800915, 57991225, 58994042, 58722143}
2018;19;{62167175, 62163725, 63105037, 62710799, 62251793, 61073047, 61622814, 62978601, 60662575, 62563251, 61029303, 58347071, 62190534, 64656075, 64438351, 64279380, 62840277, 60515318, 59034619}
2019;15;{65039778, 66115048, 67792297, 68764492, 69023917, 63878510, 65686927, 67698224, 65437905, 62567666, 67263058, 67590228, 68049784, 67234488, 65002139}

abstracts
year;number of occurrences;corresponding docdb family IDs
2000;81;{14029313, 14209029, 26478608, 13713957, 22812203, 13472823, 14726720, 22345283, 22266953, 7884878, 22312020, 18312277, 13265494, 26494036, 12264536, 16122460, 23224418, 15669862, 26405494, 11571833, 26508417, 17695373, 13896335, 15134865, 17989266, 14379680, 26381984, 15134888, 23188652, 9885357, 17070254, 27336884, 15106232, 15134910, 15675590, 14512328, 26836176, 19911904, 22335716, 13443837, 14703360, 26390273, 19549452, 16521488, 14722834, 26520340, 14234388, 18393373, 19574558, 14821662, 19588396, 26555190, 19539768, 19588427, 53937998, 22861649, 8082774, 22483290, 16615274, 26553730, 12914055, 27337611, 4163471, 16343439, 26580369, 27278742, 27308953, 27460003, 26473903, 19600306, 23190459, 23724484, 14306759, 23272914, 17809363, 26562534, 14282214, 16684520, 12959735, 26634744, 12492282}
2001;99;{23849476, 18606599, 20129289, 18136598, 19664929, 18598438, 24162858, 24098346, 9553964, 23376438, 19631161, 50483258, 27049021, 18675261, 19638336, 23428160, 23966787, 23384140, 26528848, 18599509, 21662295, 18590812, 18645086, 53871719, 19642986, 26345067, 17118858, 23435415, 26580632, 18618013, 17734825, 18649782, 18606774, 19691195, 19638976, 26532032, 26875082, 23474898, 23387348, 18637538, 23648484, 8309988, 18453230, 18446064, 23960826, 18605820, 23435010, 4579075, 18363140, 19598596, 19598598, 23633672, 16722188, 22507283, 19661594, 19606299, 26856731, 9914141, 18554143, 3826976, 22513956, 24377643, 50441017, 26583866, 26476354, 23441223, 27342664, 24010569, 26587983, 7922519, 26590041, 18559837, 24317284, 19622773, 17210244, 16788873, 7930763, 18504589, 18621326, 18588052, 27347356, 24149407, 26588063, 24912808, 14237617, 17985459, 18585011, 7921592, 23935939, 20233156, 24037324, 26587615, 19654630, 18597862, 16594410, 18559470, 22739447, 26589689, 20076538}
2002;93;{19708929, 18799106, 19719687, 26603017, 9937418, 18773020, 18720305, 4167218, 19703861, 19162687, 18704457, 18737226, 18699851, 25014861, 19701329, 7682642, 25278546, 7681107, 25278550, 20287066, 18900059, 19009627, 26638426, 18978408, 11133546, 27345013, 24847480, 24908921, 19683975, 7680141, 27736717, 19125904, 19013281, 19697319, 18798770, 18778291, 18820278, 18731191, 18792121, 18779835, 18962138, 26148577, 24972514, 18928353, 4168433, 18813185, 18986244, 18919174, 18889484, 4168473, 27481883, 18951971, 22953256, 18928943, 19012913, 26615601, 18862908, 26604349, 18710337, 18783045, 18862425, 22866267, 18694492, 50781020, 25280359, 18716009, 23091573, 18748279, 25173370, 26595194, 18793862, 18993543, 26614155, 26604940, 18710931, 22902685, 27735466, 26076592, 27350451, 23091645, 24480198, 18886089, 21678540, 18816973, 19150797, 18999763, 25074645, 8182743, 18821602, 18977250, 8496103, 21661683, 8852471}
2003;79;{21801482, 27750922, 29808146, 19069985, 32769575, 19714605, 29724733, 34227261, 25441862, 7713362, 21757013, 19115617, 28036205, 29766766, 19153546, 28674699, 19127438, 29552272, 4775060, 19127448, 35466400, 19102888, 19102889, 19119786, 19177643, 19172012, 28679853, 19188919, 19129545, 7707338, 19039951, 21687002, 7692511, 32378606, 26623728, 51794675, 27734774, 19175161, 27785991, 19123979, 19714315, 29207819, 19063056, 19178770, 19064594, 51492131, 19068203, 28458287, 19711802, 29422409, 28449613, 29422414, 19171670, 26984288, 19072354, 19068779, 19068780, 29586290, 27347829, 7713145, 51460991, 21680010, 27608984, 19125657, 19714463, 27482529, 28035496, 28450216, 19091378, 19183538, 19163062, 21680079, 27588048, 26617820, 27567080, 29418988, 40428018, 28786173, 19191294}
2004;92;{32452099, 33425415, 32462864, 32467995, 32828956, 32171036, 32959517, 33315358, 29787680, 33506339, 29997130, 33549395, 32289882, 33494618, 53891681, 32588391, 33095283, 29997176, 32960135, 32463497, 32868490, 33447049, 32912012, 32466576, 32959633, 32277154, 32510630, 33458356, 32871608, 32106683, 33447612, 34516681, 32658639, 32321745, 33534673, 32041172, 34362581, 33487583, 32501472, 32064227, 35786470, 32708840, 33128171, 32984305, 31987450, 29774591, 33039109, 33448205, 33095437, 32821519, 31990546, 34092307, 32732967, 33126184, 30437683, 32748853, 32375606, 32821562, 32926529, 33296707, 32732996, 34351429, 32322374, 30119239, 32087887, 33448271, 30113115, 30112604, 32279401, 32822658, 32468874, 32799627, 32463256, 32321946, 32040362, 32844715, 32758194, 32909236, 33126840, 34374073, 29997501, 32767430, 32095695, 33517008, 32211929, 32089058, 31985130, 32588269, 32985072, 32868337, 32821236, 34936825}
2005;112;{34431489, 34431490, 34742273, 35478534, 35059720, 35069448, 34131981, 34102286, 35069453, 34467859, 34650132, 34805786, 34510882, 34823716, 35506213, 34225195, 34709566, 34101310, 34909253, 34616904, 35240010, 34889293, 34987096, 34109019, 34985564, 34985568, 34752101, 34309223, 35446890, 34279533, 34373237, 34749051, 34431110, 35354761, 34880140, 34114706, 34269850, 35125403, 34962086, 34699431, 35446952, 34088617, 34805935, 34098357, 34697915, 34985660, 34908867, 34990789, 35067077, 33521351, 37700809, 34857681, 35135701, 36121818, 34541790, 35424498, 35097334, 34197248, 34879745, 34221826, 34674953, 34420490, 35459854, 35459857, 35502872, 34978589, 34192163, 35451190, 35460919, 34676025, 34544958, 34935617, 33436483, 34192196, 34939719, 34431305, 34554705, 35239257, 34363742, 34074978, 34386787, 35197292, 35197294, 34794365, 34712968, 34747272, 35061648, 34718103, 34736538, 35185562, 34074529, 34794417, 33549754, 34385861, 34887625, 34879959, 34114011, 34697182, 34597344, 34989025, 35241958, 34374122, 34430954, 34656234, 34765293, 34609646, 35374579, 34912243, 36242424, 34374137, 34700795, 34373630}
2006;130;{36099587, 36941317, 37078024, 36776457, 37053449, 37087249, 36696085, 37010967, 35787288, 36696088, 37621272, 36941345, 37052962, 36927528, 36927532, 35462190, 36203574, 36228663, 37073464, 36683321, 36596283, 34939977, 35905620, 36177494, 36601945, 36205658, 36914778, 37540958, 35657827, 37426275, 35063398, 36842599, 36717160, 34927722, 37185643, 37510254, 36916337, 36583033, 35044988, 36601981, 35909253, 37547143, 36034186, 36763786, 37297807, 36203160, 37510297, 37086873, 35732647, 36386983, 37179048, 36916908, 37424306, 36692148, 38458037, 37235388, 36567741, 36567743, 36567745, 36072645, 36118749, 37053149, 37494500, 37023973, 36992743, 36587753, 35788523, 36573939, 37493509, 36646150, 35942152, 35799305, 36994312, 36755723, 36994316, 37498643, 37029653, 37651737, 36573466, 35519771, 37394206, 37419297, 37458723, 35520806, 40249127, 36385585, 36407611, 36024636, 35786045, 36919106, 37498203, 50614620, 36609887, 36777827, 37030759, 35601258, 37111660, 37519730, 36678517, 36119931, 37482376, 36423561, 36584335, 35799952, 36260240, 36639634, 35414939, 35995551, 36101026, 36463523, 35757987, 35793321, 36564905, 37115316, 36074439, 37394375, 37394376, 35774924, 36609494, 36206552, 36756960, 37463522, 36955620, 37448676, 35996646, 37402088, 36262377, 35927540, 36966901, 36794874}
2007;177;{38529029, 38608904, 38563850, 38557708, 38580237, 39058446, 38052882, 37669397, 38217750, 38304797, 38179870, 38609443, 37717029, 37943861, 37727293, 37596226, 38087754, 37717067, 38582348, 38575695, 38726737, 38575700, 38677077, 38284887, 38509657, 38285914, 38285919, 37771361, 38023268, 38432873, 38217835, 38801003, 38023277, 37102191, 38051954, 38667891, 37905532, 38092414, 38372484, 38104197, 38749318, 38329485, 38667919, 36954274, 37952166, 37878960, 38694066, 38851251, 38163126, 37905590, 38371512, 38737090, 37507780, 38814916, 38831817, 37016267, 38292683, 38603468, 38789328, 38116565, 38822614, 38437592, 39140573, 38066910, 38299366, 38533867, 38748916, 37934324, 38559480, 38559481, 38522618, 38578427, 38559483, 37650173, 38472962, 38372098, 37907204, 38281993, 38256395, 38006033, 51019542, 37699862, 38461206, 38778651, 38121756, 38214427, 38138654, 37845282, 37715757, 38214445, 37852975, 37894449, 38684465, 38831935, 37433664, 38475073, 37944132, 38475076, 38655815, 37855562, 37835596, 38790990, 37989199, 38668626, 37943127, 38693721, 38036314, 37609819, 38066524, 38097242, 39147356, 37968229, 38229350, 38444393, 38444395, 35811693, 37686125, 38053742, 38821232, 38517107, 59959671, 37892985, 38427514, 37561210, 38171010, 38480263, 38265224, 37459337, 37995404, 37027725, 37995406, 37309841, 38181782, 38228374, 38801302, 39061405, 38009758, 38004128, 39008672, 37910947, 37561251, 38327205, 37199271, 38004136, 37717420, 38059438, 38371766, 54238648, 38833598, 37778881, 37722051, 38224836, 38224841, 38478284, 37901263, 39140305, 38367699, 38274516, 38367701, 38986707, 38022103, 38479320, 37050329, 38479322, 38333915, 37888988, 38581212, 38518239, 38446048, 38268897, 38631907, 37618661, 37600742, 38002153, 37674479, 38089725, 38233087}
2008;190;{39510017, 39085573, 39186437, 38372361, 38997001, 38523403, 39256074, 39372299, 38923279, 39562767, 39262737, 39989266, 39741972, 39831061, 39887384, 40373273, 39768093, 40095262, 39216671, 39313952, 39740968, 39721003, 39616556, 39324718, 38997040, 39853113, 39329340, 39831100, 39462980, 39226949, 39875656, 39865929, 39763018, 39191118, 40131662, 59632206, 38734929, 39541843, 40131667, 39762005, 39535702, 39983703, 39360089, 40071783, 39562346, 39443565, 39445102, 39709809, 39511667, 39964278, 39054968, 38997113, 39534717, 39705217, 39129222, 40136842, 39740555, 40197770, 39154826, 39464079, 39464081, 39668369, 39738002, 39364244, 39154848, 39709344, 39738022, 39268009, 39644341, 38871223, 39584439, 39584441, 37717175, 39387330, 39617219, 40160965, 39430343, 38925512, 39681737, 40113867, 39381716, 39593692, 39995613, 39783134, 39156959, 39330527, 39405279, 40113888, 39429859, 39186665, 39192812, 39364333, 39962349, 39864049, 38853367, 40087289, 39495938, 39709960, 38573321, 39256330, 39773963, 38988044, 39028496, 40125210, 39158042, 40095007, 39289632, 40125217, 39411494, 39330600, 55754025, 39721259, 38667052, 39102253, 39204653, 39330605, 39272237, 39715116, 38885170, 39795001, 40031545, 38846268, 39886142, 39709507, 38336837, 40283974, 40283975, 39268177, 39765842, 39782226, 38777178, 39681885, 39154018, 39635819, 50443121, 39765361, 39690100, 39168885, 39369589, 39368569, 39775610, 40238459, 40096127, 38669697, 38845313, 39682437, 40129417, 39282570, 39032713, 50858380, 39314826, 39725451, 39593874, 39150487, 50486679, 69061016, 40083865, 39732637, 39176094, 39721379, 39716262, 39497129, 39187886, 40023476, 64277429, 38920635, 39668673, 39562692, 39964616, 39416266, 39230927, 39563729, 39412180, 39150553, 39816665, 39497181, 41063389, 39387101, 39390687, 39476194, 39690212, 39706085, 39925735, 39262698, 39468011, 39511533, 39032816, 40083955, 39880694, 39465981}
2009;197;{40602112, 40957953, 40263172, 40534537, 41416713, 40534542, 39830034, 40456210, 40955410, 40252949, 41095189, 41114135, 41135635, 41051680, 39789601, 40838689, 40514592, 40507428, 40404007, 41135149, 40385073, 40228403, 40749109, 41117750, 41264694, 40247349, 40625718, 40935481, 41117755, 40838716, 40853565, 40920128, 40149059, 40974403, 40481862, 41571911, 41078866, 41509459, 41199702, 40583259, 40341084, 41378918, 41341549, 40508014, 40330349, 40848496, 40304241, 40796785, 40562803, 40453751, 40795259, 40281211, 40416894, 41001602, 40409734, 41266310, 40845961, 40252555, 41396876, 40850061, 40281234, 41319058, 40567447, 40567960, 40567962, 40911004, 40654494, 41199266, 40421539, 41315495, 40932009, 40407210, 39862956, 41118892, 40797360, 41587890, 40752310, 40998071, 40259768, 41198275, 41088199, 41162951, 40786634, 40734413, 40381645, 40880337, 40625874, 41684178, 41217239, 40497368, 40516825, 41044186, 40977116, 41256668, 40425694, 40457949, 40853726, 41318625, 40363233, 40360676, 40952551, 40010474, 41161964, 40977136, 41053948, 40821501, 40220926, 40265985, 40997641, 40851729, 41015571, 40382744, 41377561, 40379165, 40674081, 41135394, 59579171, 40581923, 41400611, 40140071, 41254702, 40350003, 40522548, 40572218, 40984893, 41017151, 41342274, 40508739, 40667461, 40952136, 40952137, 40408394, 41220937, 40227148, 40637264, 41117010, 40332118, 41182554, 41182555, 40567133, 39580000, 40387936, 41055592, 40447852, 40938350, 39832432, 40580465, 40985457, 40407925, 41135998, 40549760, 40406401, 40263044, 40467849, 40996746, 41470358, 40901528, 41380250, 40711066, 39926689, 41061282, 40202151, 38969772, 41116084, 41267125, 40636853, 40263097, 40852922, 40874939, 41415102, 41015742, 41116094, 41236426, 40510925, 40408013, 40510926, 40801234, 54541266, 40507349, 41377237, 40852439, 40912344, 40921050, 41063387, 40735202, 41279462, 41081831, 40281067, 40850924, 40898541, 40770031, 41104372, 41454580, 41135094, 40253432, 40898553, 39708668}
2010;245;{42056710, 41504776, 41796619, 42396171, 43219469, 41796622, 42223118, 41479181, 42982419, 43354644, 42244117, 42936341, 43004438, 42057240, 42373142, 42223130, 40992798, 42144799, 42728480, 42540577, 41204260, 42562089, 41694762, 41226795, 42396208, 42222131, 43054643, 41463861, 41134648, 41798203, 43512891, 42556989, 42026046, 42197054, 42828865, 42710084, 43121739, 41707084, 41581133, 43032657, 42933846, 42933848, 42106457, 42057818, 42169947, 43126365, 42057822, 42111582, 42264670, 42933855, 42979322, 43130472, 42783341, 42980463, 42196592, 42169970, 43220594, 40934004, 42198133, 42196599, 43019896, 42540668, 43334271, 41721471, 42075265, 42173056, 42107011, 41049731, 41570440, 41327753, 42288783, 42231440, 40943761, 42130580, 41721494, 42119831, 42131609, 42062493, 42107040, 42730145, 42231462, 42449063, 42584231, 42677415, 49401002, 40613035, 42728112, 42108084, 42178229, 43098805, 41505974, 42040507, 41673406, 41328830, 41568450, 42560199, 43431624, 41349320, 41090250, 42117834, 43227340, 41663693, 43356875, 41721548, 43306704, 42268369, 42153676, 42992851, 41790680, 42116830, 42059487, 52727522, 42036965, 42828005, 42244840, 42256104, 42036970, 42287338, 42606827, 42244848, 42165489, 42313457, 43062515, 42429168, 43356405, 42519287, 42332408, 45020411, 42362108, 42104573, 42981118, 43508729, 41606402, 42074882, 43379971, 42310413, 42730253, 41663759, 41278736, 43085073, 42317587, 42737940, 42541844, 42434328, 42073883, 42125597, 43386656, 41172257, 41461025, 41508129, 42285345, 42543397, 43308836, 42609448, 41608495, 41568051, 43223347, 42152757, 43329843, 42813240, 41078073, 42740027, 40428352, 41464642, 42335045, 42198347, 42790732, 41724238, 42541902, 41728339, 42714451, 42199893, 42242901, 42310999, 42936663, 42991957, 43068756, 41529691, 42077023, 42539871, 42936159, 42557283, 42539881, 42621805, 42228590, 42945905, 42339698, 42157426, 43029365, 43369846, 43309431, 42690424, 43309433, 43309434, 42128765, 41610111, 41694591, 42021763, 42982790, 43324300, 41529741, 43126673, 43111827, 41610647, 42194332, 42059677, 41066402, 41268136, 42153385, 41724330, 42083756, 43386294, 41466297, 54207934, 42336192, 43124160, 42283968, 41335236, 42363333, 42759108, 42099150, 41607631, 42265040, 42340304, 48578002, 43297751, 42227160, 42266590, 42048993, 42336225, 41550305, 41651173, 42339817, 42728425, 51656172, 42353648, 42678770, 41608691, 41698292, 42988535, 40119289, 42242554, 42171899, 43355646, 42056703}
2011;394;{43921414, 43427847, 43534345, 44834842, 44464155, 44746783, 44150817, 44277794, 42557481, 43866162, 44779572, 43649086, 43413576, 43497544, 44193872, 44296280, 43513956, 43464804, 43464806, 43851878, 43464809, 44353644, 44148845, 44195950, 44296307, 44673140, 43806858, 44925071, 43921561, 44673178, 44710043, 43970717, 44236958, 43921572, 44306603, 44654764, 43821232, 44251316, 44656845, 44081364, 44542165, 43647197, 44067045, 44712169, 44673259, 43452653, 43391220, 43942137, 42199302, 44069126, 43999499, 44085517, 44482830, 43925778, 43018517, 44673303, 44069153, 44187944, 43925803, 43823412, 43088183, 43743543, 44491067, 44857678, 44259668, 44304732, 44476767, 45021538, 45021540, 43391333, 44304748, 44585324, 44505454, 44972401, 49918326, 43297148, 45500805, 43878791, 46762377, 44196237, 43088276, 44306846, 43598248, 43301306, 44067272, 44511688, 44009935, 45359577, 43037146, 44196313, 44712412, 43037151, 43778530, 44562918, 44859881, 43586031, 43586032, 43999735, 43622912, 44349962, 44911126, 44483107, 44227143, 43758156, 44319312, 43063891, 44812888, 43795042, 44141173, 43780730, 43780735, 43856511, 43780740, 44114567, 45507214, 44225169, 42830486, 42711716, 44972725, 44143296, 44341955, 44972739, 43528924, 44317406, 44067570, 44067571, 43838198, 45443833, 44067579, 45021952, 43758338, 44151560, 44151562, 44151563, 43500300, 44151565, 45003535, 44862227, 43625237, 45097750, 48806685, 43606829, 44088121, 45032250, 44798779, 44464959, 42988358, 45503304, 43856713, 45097802, 45503313, 45097816, 44075864, 44542810, 44012383, 45009761, 44071778, 45009766, 43627371, 44991349, 43606907, 44061564, 44118915, 45009802, 45009805, 43533204, 44815254, 44815258, 45505437, 44010405, 45009830, 42830758, 44121000, 41800621, 43625390, 44123054, 43529136, 43887537, 44690356, 43729845, 44721080, 43887545, 44645305, 44815289, 43897792, 44991427, 43332556, 45491166, 44338145, 44559331, 45067238, 44563431, 43969520, 44708857, 43795449, 44708862, 43531266, 44559362, 44563477, 43607065, 44833818, 44919838, 43301922, 42732584, 45052980, 45052983, 43779139, 45417541, 44313673, 44762188, 43969621, 44307543, 44223576, 42237019, 43732068, 43758694, 44858481, 44168311, 44788856, 45003897, 44833914, 43627645, 44033152, 44833920, 45874305, 43242634, 45868174, 44033177, 49919136, 43855012, 43627685, 44991658, 44065965, 45022388, 45022394, 44305596, 43437247, 44833987, 44762309, 44305608, 44143826, 43427027, 44319977, 43242732, 44319982, 43855095, 43758841, 43900154, 44506364, 43836675, 44369156, 44649747, 43064601, 44625188, 44834084, 44369196, 43410736, 44008776, 44662093, 44150093, 44598614, 43429212, 42272104, 44277100, 43412849, 43951483, 44946823, 44483982, 44483984, 44860818, 44277141, 44146072, 44277145, 44627355, 45503909, 44279212, 42651057, 44563891, 45348275, 44912057, 44834239, 44834248, 43447755, 44531157, 44068316, 62152159, 44258786, 43740644, 44010981, 44367336, 43826666, 44115440, 44195324, 44563965, 44068357, 44602890, 45098508, 45096461, 43779599, 45096467, 44981785, 42710554, 44066337, 44142132, 44652085, 43900475, 43667008, 42556996, 44656211, 44303955, 44400220, 44142181, 45035112, 43605614, 43066993, 43994738, 43499123, 44062321, 44316286, 44762750, 44736128, 45328000, 44062339, 44514952, 43333257, 44066442, 44353176, 43587227, 44353181, 44711582, 43740833, 43587237, 45371048, 44627641, 44267196, 44672700, 45328060, 44304065, 44304066, 45020886, 44564185, 44166886, 45004526, 43974396, 43302675, 43824918, 43777820, 44341027, 43427621, 44050214, 44341033, 45348651, 44355373, 44066606, 45371188, 43429695, 43859776, 44195651, 42985284, 43607880, 44224333, 44224334, 44834639, 43566947, 43902822, 44439406, 44318577, 44711801, 44887932, 45352843, 43427723, 44887949, 44670860, 44887955, 44068763, 44982174, 44672927, 44982175, 45023138, 43812784, 43648947, 43304888, 45371320, 44971970, 43454405, 43970522, 43648991, 44367845, 43536359, 43536364, 43843564, 44011507, 43534323, 44513268}
2012;504;{45893633, 46071811, 46376966, 47015942, 46071816, 46815242, 46206987, 45527055, 46018581, 46317600, 46051370, 46602288, 45795379, 45568054, 47353913, 47108154, 46757949, 45846591, 45994052, 46932040, 46637129, 46721099, 45568076, 46243937, 45559913, 46932075, 47296623, 46876786, 47022195, 47001718, 46454927, 45936787, 46313622, 46934166, 45842585, 47292569, 47329434, 44992670, 47089822, 46968996, 46071973, 46969000, 45818031, 46794927, 45818033, 46932150, 45975735, 45469886, 47292617, 46547146, 47292619, 46563532, 45770960, 43448529, 45770962, 46026966, 45807831, 46315742, 46829791, 45349092, 45934821, 47005938, 45885683, 47216884, 44534008, 47335673, 46805243, 46805244, 45975806, 45895945, 46795023, 46725397, 44992793, 46721317, 46315818, 47139118, 46315823, 45773107, 46672180, 45607247, 44511579, 45873503, 45893987, 47260009, 47260015, 46152048, 45562224, 46410101, 46084469, 45484407, 44786054, 45562249, 45564301, 45605262, 45814160, 47217045, 44677534, 45873584, 46481841, 46018994, 46018996, 45545915, 46993857, 46481862, 45939144, 46969294, 46602705, 45421010, 45806036, 46580181, 45894107, 44519902, 44464606, 46315998, 46350820, 46582245, 46313958, 44759527, 46969317, 45887978, 45756910, 46926329, 46926335, 45888004, 46602765, 47421970, 44503571, 47141399, 47155739, 45976101, 46070320, 45935157, 46830133, 47141442, 45873735, 46244436, 46244439, 45443677, 45773406, 46457444, 47262309, 46162533, 46162541, 46350957, 46615151, 46795374, 46025338, 46600826, 46244479, 47041157, 47041158, 47096460, 47217292, 45877911, 45902488, 46383769, 47041182, 45695649, 46455467, 46490286, 46879419, 47422146, 47422147, 46926533, 46455505, 46455508, 46455511, 46455512, 45695706, 45892322, 45034216, 46797546, 44763885, 46930669, 45558514, 45873907, 44925684, 45855481, 46830330, 47201023, 45892360, 46797578, 47293196, 47174413, 45466390, 47096599, 46048041, 46678830, 46048047, 47174448, 46048049, 47174450, 46027571, 46580529, 47174453, 46482230, 47174454, 47176501, 46580531, 46048058, 46930748, 45466436, 47072071, 47072074, 46969679, 46797667, 46969707, 44530540, 45556588, 43602799, 46605178, 45757314, 46087043, 45560711, 45464460, 45927309, 46672784, 46152603, 45400990, 46199714, 46414757, 45927333, 47362988, 47041456, 46457796, 45933513, 47360973, 46461910, 46197719, 45831131, 46152668, 47139806, 45497311, 45403104, 46830560, 46902241, 47068134, 45558762, 46126063, 48993266, 46064633, 44674042, 46050299, 47170553, 45497341, 45810687, 46064644, 46064647, 45923335, 45530133, 47258645, 45507607, 45507608, 47293464, 44674081, 46009393, 45722674, 45997111, 46208057, 45997117, 47072318, 46210122, 46797900, 47055956, 44905557, 44629082, 47258715, 46144606, 46693482, 46148715, 46558321, 46711928, 45565058, 45565059, 45810818, 45565062, 46380172, 46245005, 44504207, 46515347, 47174805, 44483736, 47361180, 46636192, 46636193, 46828714, 45438124, 46828720, 46828721, 47068336, 47031475, 45696184, 46234810, 47295681, 46234820, 46351558, 47041735, 46507208, 47041736, 46351564, 45892818, 46580947, 55268578, 44629228, 44514541, 50126061, 44514544, 46793971, 46966009, 47009023, 45696260, 45935876, 45696262, 44584199, 46652680, 45921545, 47234314, 47234316, 47234317, 47295756, 46171416, 47353120, 49515809, 47295780, 47072549, 45974823, 47072566, 44674364, 47258943, 47172930, 45831490, 45094212, 46798146, 46019915, 45372748, 46798161, 45559128, 46636385, 46159212, 47009135, 45092226, 46024067, 46024068, 46931330, 46720390, 47144333, 46491022, 46515598, 45346192, 44674449, 45995417, 45346205, 47031721, 46126516, 44719543, 44070332, 44121538, 44654027, 45723095, 46038496, 45770218, 47175147, 46931436, 45770221, 45770222, 45993454, 47261168, 45893105, 47175146, 46544389, 46544395, 46716427, 46528013, 46528017, 46208531, 46024212, 46024213, 45497883, 46024221, 45497894, 45893161, 45559339, 45401649, 46798396, 45567549, 45999679, 46652992, 46652993, 46652997, 47423046, 47259214, 46515791, 46382683, 47423070, 46050911, 46380639, 45467234, 46022242, 45723237, 46024298, 45831787, 45878892, 46063215, 47177327, 45493876, 46161534, 46161535, 45872771, 46001797, 46829201, 44785304, 46798490, 46206634, 45934263, 47009466, 45559483, 46161611, 46935755, 47177422, 45594320, 45889237, 45594325, 45594328, 46716632, 45825755, 45893340, 47228637, 45938403, 46083815, 47177447, 44594922, 45655789, 45889262, 45469421, 45217525, 45563639, 46753528, 46382841, 47220475, 45975291, 46757627, 45401857, 45401859, 44674825, 46382860, 48482063, 46757654, 46083865, 45047584, 46927661, 45928247, 45928249, 45723452, 45993788, 46516033, 45715271, 45934421, 47564634, 45469534, 45604706, 45723501, 44785518, 45002607, 45971312, 45870975, 46514049, 45995906, 45399943, 46829448, 45870988, 45991836, 45770655, 46720928, 46602145, 45463459, 45780899, 46172074, 45463467, 46233515, 46720943, 45832120, 46454713, 45772731, 45995973, 46383048, 46577613, 46577614, 47288271, 47292367, 45696978, 46047186, 45971412, 45594578, 45555678, 47335399, 46886892, 46454764, 46454765, 46649327, 46587889, 46784498, 46145528, 45961209, 45565949}
2013;540;{49195008, 47828995, 49195014, 48781323, 48781324, 49383439, 47915030, 48136226, 48082987, 47996976, 48855088, 49768500, 49027128, 47755322, 49477695, 49463360, 48574530, 49463363, 46614596, 48638021, 49668169, 48574541, 49027150, 49463377, 45936724, 47560799, 47997023, 49234015, 48128098, 48222306, 49764451, 49117289, 49619049, 46395499, 48781431, 47911042, 49670276, 47755399, 49234059, 48742551, 47519897, 48441499, 48668835, 47755432, 47018156, 47755441, 48289971, 48044214, 48781495, 47519930, 47755450, 48902330, 49694913, 48781508, 47837385, 49383626, 48443595, 47018188, 49383629, 47753422, 47829198, 48902345, 47505617, 49195221, 47435996, 48414941, 49694943, 48523500, 47755505, 46506230, 47595768, 49711353, 47739145, 49694992, 49799450, 49383718, 47632679, 47483181, 47178035, 48638261, 47360317, 47757630, 48167231, 49383741, 48638274, 47429959, 47593800, 47790417, 45023573, 48744795, 48781666, 47505763, 44786027, 46516611, 49113505, 49258914, 49113508, 49113509, 47970736, 49324467, 47995331, 48314824, 48904652, 47423956, 47290837, 47604183, 49764840, 48996845, 47991278, 49672687, 49033711, 49299949, 48742900, 47614452, 49220086, 47882750, 49291779, 48654862, 46924307, 48044564, 47563285, 48654869, 47596057, 47970844, 47505952, 48167459, 48167460, 45218343, 48536103, 48534058, 47995435, 47563313, 48081462, 47178295, 49769015, 48611897, 48904761, 49672761, 47501892, 47010386, 47483479, 47172192, 47712877, 48636526, 49029742, 49769071, 47755896, 47534722, 47424132, 49005189, 47710855, 49623687, 48179854, 49259161, 47989402, 48927388, 48927390, 47563425, 49633955, 48710309, 47708838, 47458983, 48140966, 48140968, 49625766, 48607919, 48745136, 47172277, 49003194, 47076028, 48171710, 48437951, 48702144, 49758915, 47995588, 46826181, 47018694, 48927430, 47323849, 49816265, 47424205, 47633105, 48607961, 49044185, 47506139, 47424223, 47899364, 49160933, 47143661, 47143664, 47594224, 49222404, 48472838, 49005318, 47325958, 49580812, 48014092, 48288536, 49711903, 48063268, 47756081, 47665972, 49673018, 47557437, 49136446, 49550145, 47143745, 48141123, 49136452, 47629127, 47018828, 47827792, 49136469, 49136471, 47741791, 59601761, 48470885, 48497513, 48497522, 46717810, 48915318, 49222520, 47668091, 45063042, 49154951, 49564551, 47750025, 46762889, 48044947, 46832532, 49300371, 49222550, 49161112, 49157018, 49456027, 47629212, 48997280, 49136548, 47883172, 48167851, 47836077, 49769389, 49136563, 48915386, 47002569, 47745993, 49624016, 48524242, 48167912, 47598569, 47088630, 48632823, 49042423, 47971319, 47842300, 48573438, 47438847, 48903168, 44862465, 48903170, 48817160, 47883273, 48903176, 49116174, 48612367, 48796687, 47971347, 49042459, 49712155, 48223261, 48696349, 49042462, 47971367, 47557672, 47746088, 47914028, 48464943, 49714225, 46650419, 48022581, 48694326, 49380407, 47629369, 47991865, 49300543, 49583167, 49220674, 47995972, 49669189, 47002697, 46758986, 47520842, 47828044, 49005651, 48755801, 47995999, 47996000, 48086112, 49222752, 48063587, 49982565, 47914087, 47600744, 48426088, 48870504, 47596651, 46724206, 46298226, 47692914, 47991931, 47424636, 47991933, 47991934, 46800001, 49456257, 48612484, 49673359, 47668373, 47629467, 47324316, 47678620, 48426141, 49712286, 46466213, 44504229, 49638569, 48837806, 47744179, 48086195, 48817336, 49945785, 48817344, 49259713, 48135364, 47080646, 48755915, 48467149, 47832270, 49300686, 47971538, 48407763, 47668436, 46085338, 49161439, 49112288, 49450207, 48962793, 49222894, 48905457, 49136892, 49222908, 49714428, 48905475, 49292547, 47074565, 49292550, 48483591, 49757446, 48573707, 48483598, 47994133, 49114392, 48575781, 47746342, 48524587, 49136947, 47832372, 48573750, 48051511, 47832384, 48051521, 49773891, 49325392, 44862804, 47910232, 48430428, 47998304, 48694625, 48022882, 48020844, 49673603, 47994247, 47631758, 47750548, 47472021, 45092253, 46826910, 48799134, 48043424, 47437217, 48612766, 47437219, 47748516, 48639397, 48207271, 46640556, 48573871, 49300920, 48139705, 47601091, 47558084, 45092295, 46601672, 47558091, 49382867, 47752662, 47629784, 49081816, 46319068, 48864732, 46458337, 46800363, 48612844, 47420907, 47400436, 46458357, 48612859, 48612863, 45889026, 46319108, 49200649, 49714697, 47994381, 49210898, 47857174, 47994390, 48178712, 46796313, 49550872, 49258014, 48469542, 47914538, 44799541, 49511990, 47603257, 49757757, 48082501, 49368652, 47910485, 48193114, 49081952, 46980705, 48662114, 49327714, 47502948, 49596003, 48739943, 49583724, 49757806, 49688179, 47623796, 49673846, 49194616, 45977214, 49002117, 49739398, 47146639, 49258128, 48995985, 47605396, 48535192, 48141982, 49194655, 47996577, 47623847, 49082024, 49082031, 48744126, 49639103, 49456843, 48950988, 52113105, 48172755, 46851799, 48043739, 48996076, 47789809, 48899833, 48721660, 48695038, 48168705, 47216394, 48695051, 47994640, 47951644, 49514276, 48797478, 49508134, 49116971, 49119020, 48946989, 47744822, 49514294, 47832891, 49246019, 48168774, 48463696, 48781138, 48574295, 49651546, 49651547, 49651557, 44799847, 48572265, 48572267, 47630188, 48572270, 49651570, 48465783, 49768312, 48983929, 49852287, 49463169, 48443269, 59383689, 48674703, 47597457, 47355799, 49852319, 47716256, 47789996, 47503281, 47929268, 47683517, 47257537, 47257541, 48588742, 48588743, 48588741, 47558603, 48984013, 48588753, 47560659, 49639386, 49383394, 48222180, 49758190, 47992815, 49534961, 49758202}
2014;487;{49915906, 49915911, 50731016, 51353611, 49915922, 49915937, 50100260, 52105253, 50382896, 51791921, 47779894, 50706487, 51658808, 47878201, 49948731, 50473022, 50878526, 50778178, 50384963, 51353667, 51370055, 52004937, 50096202, 50346065, 51728467, 49885267, 51060823, 50278490, 61661276, 50475116, 51132526, 46852225, 50684048, 51353749, 50978971, 51519644, 51552420, 48128165, 49782951, 49946794, 51792049, 49948850, 50622651, 50622653, 51390654, 51988677, 50383048, 51370190, 51843281, 51261651, 50387160, 50432217, 50880733, 50067685, 49918188, 51261678, 50233583, 50362611, 50067702, 50434307, 48771332, 50272517, 50186505, 50362634, 50731276, 52017424, 50555153, 50626836, 50182425, 49322266, 50182428, 47913253, 48142638, 50995513, 51310905, 50934075, 50731324, 51730750, 51487039, 51427649, 49000773, 52246862, 51022159, 51536211, 51536212, 49979732, 51489110, 51261785, 50186594, 50184548, 50776421, 50878823, 50387309, 51933549, 50051441, 51655026, 52140404, 50182520, 49914233, 50485624, 50684282, 50182525, 50827649, 49949063, 49955208, 50934154, 49783179, 50276752, 50149777, 50051475, 50684308, 50278807, 50731428, 50727334, 50098604, 50731437, 51599796, 50387380, 51390908, 47684030, 49084866, 50274755, 52679106, 48538054, 50067915, 51491276, 50883022, 46754258, 48794069, 48794070, 49912288, 51599842, 50883045, 48579048, 52292073, 51673577, 50067949, 50274798, 51020282, 52132348, 50383366, 49783309, 50014737, 51491348, 49994263, 46924311, 49783319, 50067991, 49680932, 51933737, 51536434, 51227187, 51020340, 51020342, 50475574, 50307641, 49680962, 49828420, 52097608, 50319945, 51165774, 51165778, 49117779, 49554008, 49767012, 49914468, 50068072, 50772595, 51264127, 51591817, 50182794, 49035915, 50182797, 50623143, 50236071, 51020464, 49881778, 52021942, 49877687, 51731137, 50490050, 51354311, 51618504, 51579597, 49875668, 50772693, 51864280, 49916635, 51622620, 51223262, 51528416, 51743461, 50150122, 50977520, 51354352, 49943280, 50883315, 51528432, 51020535, 52007672, 51747580, 50068221, 51831549, 51747585, 50979589, 49777416, 51297050, 50408221, 50934557, 49879839, 51579687, 50141994, 50182955, 50408238, 50883376, 49781561, 50684729, 50486080, 52007747, 47215429, 51309387, 50547532, 51524430, 51657560, 50340697, 50068316, 51729245, 51262305, 50934629, 52022126, 51624820, 52140926, 49879959, 50148247, 51020697, 51579808, 48782241, 51788709, 50301895, 51227591, 50066388, 51755993, 51135450, 50340828, 49882081, 50897893, 50066407, 50389993, 50680810, 49034224, 51536882, 50684930, 51209220, 50041864, 50150414, 51579919, 51387414, 51434533, 51727404, 50928691, 51985459, 51866679, 50408506, 50803770, 50437193, 50818123, 50070606, 51934292, 51387482, 51866715, 50488423, 51686503, 51299436, 51623023, 49996912, 49996913, 48948339, 51623035, 48917628, 50883709, 51391611, 51807359, 50640005, 50732167, 50023559, 52008073, 51729552, 51266705, 48790673, 50320529, 51504276, 51387544, 51537048, 52208795, 50625695, 50625696, 51428511, 51242148, 51242149, 51227815, 50341032, 51227817, 49915050, 51504297, 52104364, 50556084, 51209398, 51391671, 50973880, 50973887, 51999948, 51999949, 49151185, 51209435, 51299557, 50027750, 50388211, 50621684, 51504373, 50752761, 50978055, 50085137, 50388243, 51021085, 50621736, 50339118, 50621745, 51438901, 50621754, 52104510, 51410240, 51387722, 49782094, 49165651, 50339159, 50183513, 50980199, 52104557, 49841523, 50236796, 50650492, 50437502, 51488136, 49945995, 51987861, 50978206, 48141731, 51230124, 50183606, 51488188, 51623356, 50277822, 50978241, 49995205, 51488203, 50484690, 50435539, 49937876, 51580378, 50382305, 50097634, 48877027, 50073070, 51164656, 50677243, 51209724, 51015165, 51658237, 50687491, 50273798, 51688970, 50484747, 50685457, 49866260, 50654741, 50654742, 50484762, 52145694, 50544160, 51021352, 49913385, 49913388, 52141624, 52022841, 51592762, 49997380, 51758667, 50048588, 50277963, 52104788, 49765973, 49274458, 50824796, 50824798, 51687020, 50955889, 51209843, 51639928, 51867258, 51226236, 48916095, 52104852, 51867285, 59270808, 50341534, 50880163, 50876072, 49485481, 55586473, 49917617, 49274549, 50142907, 50708163, 51791555, 49997510, 51934924, 50876110, 49997522, 51896019, 50396885, 49231577, 51996382, 51134176, 50708196, 51060452, 50544361, 50200302, 50708207, 51934961, 51410674, 50028280, 50153214, 50503431, 51652367, 50476816, 51060507, 49778475, 51609389, 49782574, 49782575, 49782576, 51988275, 51517236, 48140086, 48670522, 52229947, 51017533, 51662653, 50200384, 49882950, 50319181, 50319186, 52111186, 51021655, 52111197, 51369824, 52111201, 51416936, 49948523, 49713004, 51351405, 51468145, 52230003, 51482484, 50319221, 50976630, 51206006, 51351414, 47191937, 49999747, 50730884, 51728261, 49915814, 50237351, 51689383, 51984318, 51744710, 48703434, 51623884, 50841553, 50726868, 50978793, 50362354, 51484664, 51484666, 50708477, 51988479}
2015;452;{51628032, 54265874, 53782547, 53782549, 54085653, 52547612, 52688928, 54802470, 53518379, 53043247, 52758583, 53798978, 51585092, 53192781, 54931545, 53799002, 54802524, 53041245, 52133980, 52133982, 53522535, 52023400, 54456429, 52742257, 53489779, 53727365, 54937734, 51982474, 53086352, 52629650, 53264533, 53870747, 54261915, 53782688, 54055077, 53004459, 51845294, 53514422, 53477561, 52994234, 53371068, 54194365, 52793534, 54335680, 54071492, 53016773, 52809939, 53883096, 53045466, 54345946, 53442780, 53041378, 53006563, 52592870, 54018290, 52431110, 54055175, 53754135, 53092632, 52691226, 52279579, 52343072, 52343074, 52779298, 51663141, 53092657, 53092661, 52992311, 54018359, 52828485, 52427078, 52586828, 53092691, 52826451, 52826455, 53172574, 53199209, 52742509, 52740462, 51868015, 53477744, 53477747, 53041530, 54358399, 52586887, 53621127, 54339977, 54061460, 52992410, 54194588, 54784418, 49447334, 52742573, 53002688, 52568512, 52623815, 51945928, 54239689, 52693450, 52777418, 52744650, 53402058, 53348817, 53813715, 54008276, 53524948, 52988374, 54768089, 52742624, 54481379, 52586982, 54057446, 54432230, 52161012, 52992501, 53797366, 50639351, 52689401, 54331914, 55165454, 53260816, 53199386, 54250011, 52595229, 54008351, 54168103, 54194744, 51483193, 54454854, 54168138, 54264395, 53477966, 54168146, 53914194, 53371476, 52316761, 53881449, 53174902, 53367418, 52462206, 53181055, 50184834, 54143651, 54239909, 54069939, 52742841, 54069946, 52689601, 54479557, 54069959, 54840014, 53523153, 52431572, 52468443, 54332128, 53813986, 54702820, 53183207, 51743470, 54358771, 54706938, 51454727, 53799703, 54072091, 52912935, 54702889, 53039915, 53041970, 53369654, 51032891, 53877584, 54008658, 54324052, 53005151, 53478254, 52390775, 52673404, 54332285, 52736894, 53640079, 54326161, 52743063, 54379415, 53177254, 52431787, 50877361, 54195121, 52470713, 54479804, 52280257, 52460491, 51225551, 51690448, 54766547, 54006744, 52667353, 53457884, 50389984, 52669411, 53179366, 53036013, 53365742, 54844399, 54539248, 49667059, 54033397, 53695479, 53005306, 52667386, 53273601, 53273603, 52667398, 53273607, 52014091, 53185549, 53189654, 53273626, 53273627, 52393000, 54610985, 50289707, 52812850, 54539316, 51932217, 53216314, 53371962, 55131203, 52622409, 53032012, 54287440, 52481116, 52665452, 54332534, 53273725, 53496963, 52282505, 54725770, 53273738, 54332560, 54553754, 51260591, 51659954, 54121652, 52579509, 53773494, 54699197, 53877954, 51752142, 52346064, 52813014, 52346070, 52993250, 52727013, 53044456, 52727017, 52741360, 55219443, 53003511, 52688130, 52583683, 54336773, 52684040, 52143370, 52280591, 54336786, 54553879, 52686111, 53181735, 52143400, 53058862, 53681466, 54007101, 53478719, 52342079, 52569409, 52143427, 52854086, 52854088, 54480200, 53040459, 52460879, 52854101, 52688215, 54553957, 52393318, 51260780, 53173617, 53775729, 52467064, 53179768, 52460921, 54556025, 51211653, 52739466, 52577676, 52809100, 54834576, 51541392, 53878163, 54195603, 52585883, 52301211, 53015966, 51492257, 49118627, 52585897, 53775788, 53003699, 53681590, 51619256, 53093819, 52143550, 54144451, 52809158, 54054350, 52336082, 53274068, 52690391, 54033880, 52690400, 52346344, 54191601, 54240757, 54146551, 52375032, 54191612, 54033917, 51230211, 52825611, 53401102, 48793109, 53003807, 51492384, 51582501, 52583973, 54869542, 53485098, 53485100, 54392364, 52346418, 53485108, 51846713, 53478977, 49917509, 53337670, 52483654, 52778570, 54361675, 53198410, 51359310, 54832721, 51844692, 53272151, 53272155, 52743791, 53016185, 52778622, 51211905, 51570308, 54042246, 54034055, 52776591, 53182096, 53192342, 51844759, 53198487, 52448930, 51947171, 50828965, 52346535, 53180072, 52573865, 51392171, 53755567, 54195890, 52809399, 54580925, 53493455, 53274321, 54935251, 52995810, 53493477, 53493478, 54832870, 52854510, 51263216, 51844857, 53198587, 52483836, 53544700, 51947260, 54144770, 53878537, 50976540, 55357212, 51904290, 54834981, 52586280, 52823852, 52911917, 54697774, 52393775, 52741940, 52483895, 52688709, 52911945, 52668234, 53679948, 52741969, 52741974, 53057370, 52946781, 53524317, 54439773, 54138721, 52162406, 53057385, 50280306, 52828031, 52596608, 52103043, 52821891, 53503878, 53493643, 52582285, 54833039, 52000660, 53022616, 53004188, 52002720, 53497761, 53057444, 53479334, 52828079, 52586416, 53022641, 52688821, 53030842, 52484026, 53151684, 54054852, 53911496, 52355017, 52469705, 54265804, 54210515, 54142934, 54210521, 54241246, 53043181, 54454257, 52146163}
2016;498;{55263232, 55857154, 56406021, 57348112, 56563730, 56688661, 53938202, 57128991, 56416288, 56426533, 52006954, 56590397, 55806016, 54360131, 57393220, 53776460, 53938253, 57198677, 55455830, 56543318, 55859295, 55760997, 55857254, 55758958, 57114734, 55638127, 56789109, 55644280, 56287352, 55439480, 57538684, 56688765, 55857282, 55629959, 55263368, 55263370, 56150154, 56332427, 53758096, 55449752, 53969055, 55580834, 56109219, 57325747, 56977589, 56662202, 52574395, 55791809, 56135875, 55064773, 55400651, 56985804, 55400653, 55857361, 55953621, 55638230, 56074453, 56082657, 56082658, 55640297, 57393385, 54151405, 55439603, 56752371, 54601999, 54065426, 55101716, 55761178, 55261478, 56230185, 56498473, 55552304, 56117555, 57452852, 56297782, 56082754, 53610820, 57848138, 56410445, 55263565, 55263567, 57198946, 56117608, 55853419, 55853420, 55908716, 55853426, 54866292, 55857529, 55263610, 55886202, 56615298, 55236999, 56244616, 55298440, 56621450, 56482190, 56813967, 55771538, 56095129, 57217436, 56918429, 56615327, 57276832, 53039526, 57274790, 56615336, 56408490, 56408491, 56095149, 56865218, 56799684, 57528773, 57467334, 55437772, 56400334, 52824532, 56048084, 57004510, 57395678, 55654882, 56408548, 57440742, 57283047, 55888361, 51302891, 57326067, 55273981, 57440772, 53879301, 56074757, 57248263, 55912967, 55912969, 55855626, 55177747, 56621587, 55333405, 56875549, 55177763, 55953957, 56621607, 51687975, 55075368, 55216682, 56879660, 56754734, 55908919, 56416824, 55962169, 57004601, 54252094, 55331400, 54557258, 55853643, 56048203, 56977995, 55853647, 53398098, 56789593, 56789597, 56851038, 55802469, 53510762, 56849007, 57135736, 57145980, 55173762, 55274118, 57547400, 57004684, 55640717, 56355476, 57043606, 57195158, 54557340, 55077533, 55302814, 53496490, 63914669, 57090736, 55853748, 57537211, 55851713, 55435970, 56904392, 57133770, 57248463, 56355537, 53836498, 55585495, 56416985, 57529050, 57545435, 56111835, 57451233, 55581416, 57199340, 57199345, 57357046, 56355576, 56853244, 56978172, 55630593, 55630594, 55268100, 57139976, 56091416, 55593753, 56126235, 58059551, 57068326, 57248554, 56091458, 55886659, 56369988, 54541123, 57217870, 57217875, 55216980, 55808853, 57125722, 57602910, 56789854, 56150884, 55018347, 55524203, 56937327, 56148847, 55182194, 56853362, 57394034, 55548789, 55954303, 56107903, 56836997, 56126343, 57713547, 55962511, 56343445, 55524264, 56761256, 56112044, 57713581, 56081333, 57166774, 56081334, 56130489, 56013758, 56013759, 57713601, 57140162, 55917509, 57007051, 55065549, 55962573, 57504723, 55559125, 56542166, 55722971, 56165344, 56165345, 56165347, 58137577, 57125874, 57326587, 57125883, 57586684, 56122373, 57734151, 56149000, 55217162, 57537546, 56130580, 55438357, 54064156, 56165408, 57308199, 56165415, 57130024, 56151090, 55331900, 55792700, 56417344, 55792705, 57105472, 57531459, 56091716, 56564803, 58774602, 55438414, 56417359, 55438415, 57281624, 55061593, 70460514, 57713762, 55069805, 54477936, 56026229, 55403644, 57072765, 55063684, 57502856, 55608460, 56937614, 55243920, 57179281, 56026263, 56026264, 55399581, 57320609, 55399586, 57017510, 55063723, 56329387, 53499053, 55909555, 57502906, 56937660, 56278205, 56433855, 55749825, 54770884, 57539782, 57298119, 55440584, 55459016, 55526604, 55790796, 51541199, 55698652, 56354014, 54256868, 55078123, 57517300, 54015240, 55063820, 57203982, 51539217, 55532828, 57546020, 54261032, 56311086, 57576751, 54330672, 55989561, 53298490, 54148425, 56849739, 56149330, 56149331, 56284503, 55532893, 56554854, 56126831, 56925553, 54705526, 56114555, 55960960, 55833992, 52016526, 53476753, 56810911, 57392549, 57126311, 56079787, 55459244, 51844539, 55831999, 56088002, 56788422, 57073121, 56372713, 57005548, 58121709, 55559667, 55860724, 55909883, 55264765, 55287297, 56829449, 56434187, 57015824, 56108562, 57361938, 55287327, 57204257, 55633442, 57204259, 52577831, 56106537, 56614449, 55303732, 56886845, 55696972, 56577614, 55633501, 57439838, 55803487, 55856736, 55633505, 57183841, 55803493, 54695543, 55025274, 56979068, 56417916, 57585282, 55656070, 56800905, 56680077, 55856788, 55180953, 55180954, 56149661, 57126559, 55856812, 56364718, 56512176, 56848052, 56577717, 55750338, 54703814, 56405713, 56886993, 56106705, 57571028, 55697109, 55439067, 55488223, 55402211, 57466600, 56919788, 56405743, 56073975, 55025402, 56073979, 55746300, 56112898, 57542411, 55910157, 56542991, 55312144, 55449364, 55750420, 57222934, 55162644, 55641880, 57440033, 56125226, 56405802, 56149805, 56086322, 55760697, 56362810, 55856953, 56553278, 51355455, 55349055, 55181129, 55064395, 57546578, 57546583, 55856998, 57452395, 57546604, 55349105, 55863154, 56074100, 56014710, 55349115, 55699326, 56977282, 57515908, 56553355, 56719245, 55308176, 56233878, 55361434, 57399196, 56074144, 55310249, 54251434, 57397166, 53800894, 55162820, 55455684, 57288645, 57544646, 55263178, 56233952, 54011875, 56410091, 54364147, 55312373, 57503734, 56010749}
2017;540;{58099712, 60090372, 58695694, 60203022, 58769424, 58427408, 59224082, 54427668, 58187798, 59172890, 58187803, 58386473, 59086898, 59437109, 57991225, 58574906, 59625531, 59465788, 60663869, 60203070, 56799300, 60305480, 59629649, 58052691, 58046549, 59684950, 58187864, 58052698, 58386526, 58763360, 58052706, 59625572, 60608613, 59625578, 58695796, 59224182, 59295867, 56092797, 57684101, 58230925, 59424915, 58955925, 59443364, 57686186, 58288298, 58517682, 59871412, 58556598, 58955963, 59224251, 58386629, 60000454, 60577992, 59850956, 59998414, 58210526, 58423521, 58163429, 60088553, 56738033, 57800950, 59685116, 58282237, 58288387, 57944324, 58188036, 59851011, 59345160, 59656457, 58239247, 60707087, 59361557, 59414809, 59789597, 58634531, 59619630, 57776442, 58693947, 60418365, 57833789, 56555839, 58396995, 59562307, 59500871, 59851080, 59398477, 59267406, 59320658, 59312470, 59435351, 59429209, 59500897, 56555875, 59484516, 58556773, 59066726, 60244323, 59898223, 58397041, 58696055, 59933047, 58050937, 57989499, 57909627, 58687877, 59343240, 59855241, 58689930, 57045396, 58159510, 58718615, 57758108, 58517918, 59234730, 58489261, 58718638, 59998638, 57223600, 57946545, 59873721, 58694078, 55077313, 58630593, 59091393, 60764618, 59679193, 60336602, 59812327, 59357677, 58329582, 58288625, 59822578, 58051074, 60097027, 59742727, 58053131, 57942544, 58718743, 58630680, 59218458, 57860637, 53879325, 59068959, 56787486, 58100262, 59357736, 58556971, 60330543, 60000820, 58341954, 58100290, 57907786, 58843726, 60205648, 58718803, 59855444, 59632215, 59527769, 58100315, 58606172, 60500585, 59273847, 59335293, 59224710, 59226759, 59851400, 58487437, 57993879, 55759515, 56990371, 58239655, 58335913, 57946794, 58860218, 59421376, 58098369, 58559176, 58559179, 60189398, 57942743, 57983703, 58739415, 58763998, 58559199, 59398886, 54291185, 59443955, 58559222, 58288888, 58288889, 60089081, 58950394, 58335996, 57570045, 60160768, 58456832, 59056899, 56611593, 57942794, 62554896, 59499282, 58800915, 60001044, 59226905, 58487577, 60160795, 60783388, 60089118, 58557226, 60150576, 58288946, 59226930, 60267328, 59847489, 59353923, 57629508, 59851594, 59898700, 60160855, 60578653, 72708961, 58719074, 59499367, 59853678, 59310960, 58157944, 59499391, 60478337, 59790209, 58764166, 60324744, 57826190, 59648918, 60404631, 60115867, 60160934, 58909625, 59222972, 58907589, 58409932, 58907603, 57834452, 58409946, 60269535, 57727968, 59716576, 60269536, 58051554, 58536933, 58289128, 57983979, 58409965, 58889206, 59089913, 59511801, 60546050, 58559494, 59763718, 58797073, 60044309, 59311132, 59685917, 58448927, 59012133, 58446889, 56851498, 55589932, 59272241, 62452793, 58635324, 58289212, 58635326, 56943679, 59679804, 60783682, 58283081, 59630670, 59927631, 59362391, 59225177, 58838107, 60042333, 58283103, 58283106, 59722851, 58248292, 59685988, 59315302, 58801259, 60478580, 57629813, 59784315, 59855995, 56296573, 59145348, 58844295, 58827913, 58447009, 58487970, 60159139, 59088037, 57984166, 59434151, 58797224, 59856040, 58487976, 59729066, 59219123, 59499703, 56693949, 59387074, 60411075, 58227919, 58819793, 56116438, 57711832, 60411097, 60171482, 59788515, 55629033, 59397361, 58797302, 59235578, 58797311, 57124097, 59624712, 58357001, 57756936, 59563279, 58631444, 58410261, 57738517, 59344152, 57836824, 60478747, 59743524, 57607463, 55794990, 58109232, 58240308, 57857338, 58289467, 59899197, 58953022, 60159296, 59948357, 60190027, 59256145, 60511571, 58717524, 60661079, 59624794, 59624806, 58285415, 60685671, 59362665, 56550763, 60265835, 57994608, 58664311, 58994042, 59499899, 57834878, 60210558, 55453062, 59637127, 58011016, 59065738, 57882004, 59225492, 59430294, 60573079, 58240411, 59897253, 59852214, 57796023, 58561979, 59686334, 58561983, 60411327, 58385862, 57843145, 59258318, 58797519, 60294608, 59782615, 59940314, 58054111, 59635170, 57882084, 60401136, 58488307, 58562037, 57984507, 59700732, 59964926, 59497984, 58562049, 58562050, 60161536, 57796100, 58215942, 60411403, 58662412, 59289101, 58422806, 58439191, 58562075, 60202524, 57206301, 59852318, 59014700, 59885102, 58109488, 59625010, 60116533, 57775672, 59625017, 57777722, 58517052, 59743809, 59256387, 58777156, 58826311, 59020872, 59850315, 56567372, 60202574, 58406479, 60202578, 59848275, 58662484, 59614808, 60202589, 58099304, 59088496, 59752048, 58240637, 58644093, 57681542, 58005132, 60784270, 59221663, 58762913, 59221668, 60788403, 58517175, 57607867, 60202684, 57630399, 58517185, 57886402, 60788419, 58193604, 59832002, 56112839, 58595030, 59010774, 59676375, 58447579, 59899615, 57288416, 59743970, 57714405, 59676394, 58189548, 60202733, 59928303, 59514611, 57630451, 56555254, 60116732, 60327679, 57884417, 60202755, 60294918, 55451408, 60161817, 59385627, 59414300, 58240803, 59215653, 59049769, 58873647, 57653042, 58099509, 60104502, 58386232, 59064126, 59311938, 58937157, 59676485, 57685835, 60784459, 58386253, 60038989, 59148114, 58158936, 58582872, 59215706, 59895643, 59678557, 59776862, 58722143, 59965279, 58763126, 58228599, 56940411, 59885440, 58230659, 57608070, 60202886, 58718091, 59273099, 58099600, 59885457, 57345945, 58189722, 59762598, 57608107, 58099632, 60000176, 62558135, 60784569, 59496378, 60000192, 58994637, 59910093, 58099665, 58406866, 59088850, 59275233, 59625441, 59013093, 58288102, 59817957, 60282863, 58695664, 60577780, 59056124}
2018;634;{64401411, 60952583, 62027786, 61759501, 57133070, 62908429, 60702736, 63105037, 63094804, 60661782, 61618199, 61231131, 63371294, 62621734, 59656232, 62199851, 61802548, 63096886, 62562359, 61970488, 61192251, 63447099, 61728829, 63797310, 62076991, 61091903, 62251079, 62908488, 62980171, 62558285, 64438351, 61759568, 61970512, 63105106, 63918159, 63328341, 62109785, 62558299, 62750812, 62077019, 64833631, 63344737, 63330402, 62146661, 61132902, 62191717, 62478441, 64602218, 62816367, 63107186, 62636147, 59955317, 62490742, 57045112, 61016184, 61689985, 61849731, 63252612, 61618309, 62167175, 63596680, 61241486, 61905042, 61866140, 61243549, 61831326, 62918815, 63672482, 63541413, 60786855, 60952757, 58994870, 63713463, 61073596, 64458943, 60991680, 62144707, 63252675, 63484103, 64446668, 61753548, 62712017, 62109906, 64735443, 64461013, 61274345, 61690089, 63967470, 64198901, 61868283, 62806270, 61905151, 62712063, 61763842, 61905156, 64534793, 62159114, 62300425, 62021905, 60162322, 62195989, 62906650, 63895838, 64563488, 62021927, 61024553, 61024554, 64395568, 62490929, 64395577, 60037438, 63334718, 64704831, 61196614, 63191367, 61073743, 62562645, 63105367, 63797596, 61180255, 64565602, 62241123, 61831524, 64659811, 63674727, 61243758, 61653367, 64102776, 61569402, 62843262, 63377796, 65431941, 62241158, 61618573, 61301135, 62165395, 63676822, 63674775, 63797656, 61899162, 62806435, 62091685, 64461223, 63793576, 63355310, 64455091, 60785086, 62261698, 61161924, 61018567, 63160777, 61620682, 61168077, 62196179, 60996052, 62740955, 62779875, 64002533, 62624234, 64459242, 64455149, 61905392, 60957169, 61018609, 62142965, 61831669, 61831671, 57680375, 63918585, 63447547, 60785150, 63173120, 63584772, 62110213, 63584775, 62462471, 62065165, 63674905, 63267354, 63355422, 63107618, 62626342, 62978601, 61618730, 62915117, 64105011, 63107638, 63191609, 61829690, 62978621, 61829698, 65432135, 64625227, 62624333, 61196882, 61405780, 62014039, 63103584, 61018724, 63253095, 61655656, 63447672, 64551548, 61416075, 64735884, 64660116, 62761622, 63247001, 60811934, 62251693, 62147261, 62147264, 61876932, 62147275, 63711949, 64457428, 63576789, 63711959, 61301470, 61559519, 61561566, 63711967, 61559524, 61242084, 64455402, 60662514, 63005430, 60191481, 61831931, 61561597, 63711998, 61760256, 63582977, 63712003, 64623363, 62710535, 64604936, 59269897, 63712012, 62163725, 64469774, 61039376, 62145299, 64017171, 61569813, 61207319, 62624537, 60807967, 58606367, 61070114, 62454564, 64097061, 62554918, 61938470, 62817060, 61000491, 64273196, 64736045, 60662575, 63918897, 60138290, 63677235, 61760310, 60119865, 62624569, 63124283, 63253322, 64566091, 63916880, 61256531, 64457564, 61201245, 61698908, 62024548, 61154153, 63751019, 64396151, 63519609, 60992377, 64105340, 59745157, 63523720, 61299592, 63712138, 62555018, 61299596, 61561741, 64414606, 64656278, 62200733, 61619103, 61561762, 62075811, 64660388, 62579629, 61299630, 62563251, 61029303, 63652796, 63318974, 59829186, 62620610, 63157188, 64400325, 62489542, 64457671, 62190534, 62907340, 62923726, 64332750, 62022611, 63198164, 56896468, 61686742, 58737636, 61686759, 61531115, 60910577, 62233586, 64541685, 60515318, 63519733, 62026744, 63675386, 62194693, 63675398, 60787719, 61758471, 63321097, 63652875, 62194701, 61758483, 60785684, 60992534, 64273431, 61246492, 59829278, 63710238, 61197350, 62028839, 59399208, 61758504, 63073320, 60941352, 61017132, 61129773, 63267884, 63448108, 61301808, 62839856, 63448109, 62491699, 62706743, 59745341, 61197377, 64455746, 62633029, 62086217, 61563979, 62489680, 62088277, 62784597, 62145624, 63040602, 63792234, 56296564, 63253620, 63712374, 62018681, 62065785, 63712378, 61830268, 63792253, 63712395, 64097421, 59569299, 60951702, 62241966, 64097455, 63507632, 61557938, 62905530, 62076091, 63679676, 61906109, 61760703, 62979264, 63253697, 61906114, 62018754, 62631108, 63855813, 61619399, 63237320, 59829451, 61971659, 60327117, 63448279, 63919319, 64871642, 63108316, 63925470, 63675618, 60912873, 61162730, 60966131, 62788853, 59684088, 64396536, 64140536, 63780092, 61015293, 61140225, 63040774, 62711054, 63790351, 60953873, 61281558, 63108376, 62864665, 63919387, 64660766, 64693543, 62094632, 63790377, 63321388, 62147892, 63372597, 61762875, 61906236, 61658429, 63845695, 61072711, 64269641, 63092043, 59239770, 61623651, 64270331, 59811176, 64015723, 59811181, 63876463, 64761202, 59258232, 62002561, 62145932, 63036816, 61687188, 62236053, 62242197, 62143898, 63049116, 61451686, 63712680, 63169961, 62367148, 64460206, 63585711, 61947312, 62191028, 63169973, 61822396, 60186044, 61222335, 62176704, 63583682, 63917508, 63712713, 63917518, 61330899, 59745747, 62840277, 63710677, 61902295, 57189848, 61197785, 64015853, 63671793, 63919605, 61687288, 62707196, 61623805, 60988928, 64646658, 63856141, 62195216, 61152786, 63254041, 64050714, 61195803, 61163039, 62244385, 63094307, 63919652, 62109219, 62111267, 64273956, 62076456, 64149036, 61181486, 61560383, 58347071, 63448643, 63168073, 63856204, 61245008, 63712850, 63868498, 63155799, 63692377, 61750874, 64300635, 63520354, 62142055, 61648488, 60915305, 63585899, 62240367, 64300655, 64456305, 63583864, 61261434, 63155835, 62789247, 58701442, 61163143, 57796234, 60452497, 57226902, 60915350, 63712918, 64274071, 63522460, 60993186, 61828773, 62201511, 61560500, 62979767, 64274104, 62975673, 62023360, 63321792, 62152386, 63481540, 63370949, 62547653, 62107342, 62107343, 62557906, 64622291, 61302488, 61695705, 62562009, 63370974, 64511712, 62146274, 63434474, 63524586, 63844076, 64016107, 62076656, 61619953, 63448819, 63401718, 63670010, 64272123, 62562045, 63586054, 63792909, 64456468, 64573206, 64274200, 63670040, 59858715, 63106843, 63862555, 62840607, 64325408, 61763368, 62146349, 60950319, 59520816, 61196089, 61196098, 61757254, 62076749, 61830998, 62076764, 62490464, 61175649, 63254371, 60997477, 61157223, 63676276, 64395125, 62023543, 61906808, 63793021, 61683591, 63674255, 59686802, 61101979, 63518623, 64454560, 57345956, 62150571, 64458669, 62250926, 61245361, 61763505, 63895475, 63676340, 62195637, 63676344, 61618106, 61300672, 62068673, 63356872, 62625742, 63668175, 63918032, 59846610, 63371225, 62146521, 63582173, 63793135, 63795183, 63213557, 64536566, 63594489, 62867450, 62748667, 61972477, 63807487}
2019;682;{63965189, 67063818, 66015243, 68694028, 65992718, 65269774, 67907600, 68163604, 66533398, 67569687, 68540441, 68540447, 66138145, 65439781, 66820134, 67549232, 66297910, 67846198, 66101304, 65634361, 65435707, 68466749, 67842111, 66820160, 67143745, 62683204, 67907653, 65437766, 67983429, 67762248, 66859081, 68499526, 66009168, 66629712, 67795034, 64862304, 65994848, 64893027, 64741477, 67883116, 67063920, 68616312, 66697337, 63965308, 68489340, 66697344, 68409476, 64745606, 65900684, 66410639, 68982937, 67541146, 59738267, 68030619, 68053149, 68294815, 67063969, 67393698, 68053153, 67801254, 67395751, 66326696, 65900713, 65900714, 67778732, 65271983, 67907760, 68540594, 64456887, 66402490, 65439939, 64456900, 68239580, 66001119, 68294880, 65513702, 67479782, 68294888, 60954858, 66863340, 67223789, 67985648, 67213554, 68944120, 68765946, 67846395, 68765948, 65464577, 65231109, 64938249, 65440011, 65011980, 66242827, 65462544, 65900817, 68239632, 66668819, 67846422, 65351959, 66076953, 67258657, 66885926, 67393832, 68983084, 68968750, 65272112, 65900855, 65722680, 65417532, 66171197, 66173249, 66951489, 65900870, 67475785, 66750794, 68059467, 68770122, 68237642, 68294991, 65016144, 69058895, 66537810, 68340051, 68059482, 65898843, 66328924, 65900895, 65902944, 66951520, 67805536, 64860517, 66988391, 68694390, 68163964, 65722761, 68983178, 68174224, 60813714, 68766101, 65040793, 65016218, 67983774, 63713695, 65016229, 66097577, 66816428, 68164016, 67570105, 65526202, 68385215, 68295105, 66658758, 66245064, 67430856, 65628625, 65722834, 67400147, 65745367, 66658776, 66658777, 67619292, 63293918, 65001950, 68061664, 66542052, 65745388, 66658797, 67400172, 68256238, 68162036, 66750970, 65886718, 66894338, 66431492, 65745413, 61557256, 60387851, 68162060, 68162059, 67058201, 65634843, 65806877, 68002333, 66499106, 65040931, 67985960, 68055592, 67549737, 67256879, 64803379, 68467255, 67301947, 66992701, 67068479, 67775042, 65806916, 65811026, 66327128, 66751065, 68053596, 66333278, 66968158, 65888867, 61526630, 66847334, 66437736, 67742313, 65657452, 65256045, 68696689, 68489850, 68842108, 64742013, 68924040, 64963209, 67482253, 65241743, 68057745, 61192853, 66679449, 67007134, 67547808, 68059808, 67064481, 64742053, 66820787, 66581172, 68295351, 68170426, 68698810, 68240059, 65368768, 65270469, 68164293, 68467398, 68483793, 68291284, 66333399, 66169565, 68975327, 65856232, 66247402, 68555498, 66212590, 64426737, 67547890, 64742132, 68698870, 65411832, 59325181, 66870017, 67023620, 68692743, 63787784, 65051407, 64862997, 66110235, 66657051, 62143261, 65024800, 64785190, 65995564, 66188078, 65528626, 68539190, 67846967, 65276727, 68100924, 67988288, 67273537, 68619074, 67300164, 66437957, 64803656, 67846987, 66820940, 68256588, 68764492, 67068751, 65264465, 68852562, 65723217, 65995604, 66634577, 66814813, 65362781, 66454366, 63259488, 65721184, 67218270, 68533091, 67687273, 68541299, 68049784, 64402297, 65360764, 65901439, 67218304, 67224448, 67539840, 67892100, 65307526, 65153926, 67218312, 65039241, 66497418, 68053896, 67791759, 63579035, 63363999, 68391840, 63642529, 65495972, 65809320, 66665385, 65655722, 64902058, 67212206, 66993076, 62495669, 68578230, 65901499, 64738246, 65854413, 67214291, 68137942, 68236246, 65010647, 66149337, 68291552, 68056035, 64740323, 65436650, 67068907, 63517681, 65885174, 66331639, 68295674, 67378172, 67378175, 68099072, 68463617, 67302407, 65436680, 64875529, 65494025, 66331659, 64998413, 68156432, 65674263, 66935831, 66448410, 66331675, 66096157, 65362974, 68248609, 66335779, 65524772, 66438183, 67378218, 68099122, 67568692, 67724344, 65633340, 65434688, 64879682, 66458695, 67066953, 68062302, 65901663, 66327651, 65688681, 68062314, 68293738, 66102380, 67593321, 66630771, 65758326, 60327032, 62567547, 67513470, 66327679, 66335872, 65148033, 65719426, 67062917, 68205701, 66176136, 68240529, 65514644, 66950294, 68576406, 67685530, 68435102, 65039525, 65524904, 63683756, 68414638, 66675889, 65524914, 65633463, 65903799, 66174135, 64951484, 65948861, 67480766, 67986620, 68054208, 65524932, 65273038, 64951503, 63794384, 67445966, 68652247, 68236508, 67161313, 68105443, 65758436, 66538725, 66182382, 68891887, 65418482, 68062453, 66331894, 68293884, 63878397, 67478781, 66743551, 66581760, 68254975, 68984060, 66819332, 67478788, 67687691, 68515085, 68533517, 67106066, 66338070, 68736280, 67163423, 65457444, 59276584, 67163439, 67853619, 68199735, 68105536, 61599044, 66100548, 64308557, 65602894, 66819407, 66864475, 68984158, 66100580, 67618153, 68539754, 63173996, 68779372, 63878510, 68619638, 67861886, 65996159, 68838782, 62778757, 66540936, 66631049, 66885002, 68105620, 67861909, 65766806, 65019291, 67308957, 63452574, 66629024, 66930081, 65039778, 67792297, 68294059, 68058540, 65631663, 65867184, 66629042, 68001203, 65723834, 63014331, 66534843, 66502078, 68949446, 67466697, 65715658, 65795531, 66696649, 66991565, 67163593, 67845583, 68697549, 67773905, 66631122, 67843539, 68578775, 66950616, 65273311, 66663905, 65451490, 66115048, 67065322, 65902067, 67638772, 68630004, 64945657, 67081722, 61027837, 63047165, 66993661, 65633793, 66174466, 64902659, 68982279, 66432522, 66629131, 66819597, 68863503, 61802008, 67986968, 68386328, 68097561, 68781600, 65719841, 67548706, 64740900, 67493415, 67548716, 67698224, 65961521, 65037873, 68163120, 68357680, 66768438, 65271358, 65031747, 65809989, 67477062, 59772486, 67067469, 67548755, 67804759, 67475034, 66676315, 67225181, 66532965, 65068646, 68800508, 66244206, 66768495, 66092657, 68843124, 65998456, 65996410, 68464252, 67806845, 65318525, 63442559, 68468353, 67219080, 66938507, 67145356, 65525389, 67067535, 63014544, 65228432, 67767953, 67219095, 65279640, 67688090, 67763867, 68697755, 68294310, 61007536, 66680497, 65808049, 65019571, 67067568, 67061430, 65808058, 67067578, 64788159, 64952002, 68054727, 65040080, 68665041, 66629330, 65801939, 64741075, 66324179, 64661206, 66944727, 68069076, 64741086, 66246368, 68015842, 64949989, 68540138, 64902891, 65994477, 68275952, 64741112, 66952957, 68058878, 64741120, 65253121, 64734977, 65001217, 68540162, 65439496, 67219209, 67512080, 67301148, 67686176, 66438948, 66074408, 68058921, 65439530, 66246446, 66432817, 67067701, 65232703, 66137926, 65808202, 65724235, 65232723, 66629463, 67059551, 65922911, 66631522, 65271665, 68697970, 64827252, 68982647, 68697977, 65800057, 68288377, 67143549, 66217856, 66998149, 66750343, 65902477, 68374417, 67299223, 63209373, 68616093, 68724637, 65263519, 67688352, 65408930, 66539431, 65234856, 66674600, 66633641, 66750382, 65038260, 65232820, 65808324, 65443784, 66496467, 67987411, 60450773, 64741334, 66254807, 66633688, 68163542, 65236962, 65032164, 65015784, 66246632, 64950251, 64925676, 65038315, 68843509, 67360760, 64735228, 68421629, 68917246}



String / string group: ['recover', 'recovering', 'retrieve', 'retrieving']

titles
year;number of occurrences;corresponding docdb family IDs
2001;1;{19622773}
2003;1;{29578225}
2004;2;{32708592, 33490617}
2005;2;{34896400, 35320515}
2006;2;{35799952, 35781698}
2007;5;{38327205, 38955887, 37778417, 38217750, 38517947}
2008;3;{38792720, 39714218, 39904678}
2009;2;{41001602, 40668790}
2011;8;{44958118, 43780135, 44130762, 42813327, 43534323, 42830068, 44216691, 44904024}
2012;13;{47217248, 48804066, 46244741, 45869529, 46563532, 47009135, 46382773, 46934166, 47070773, 45420984, 43720025, 47217245, 47295672}
2013;10;{48699169, 48962850, 48817160, 48872968, 47563320, 48534797, 48043478, 47080184, 48947101, 49852287}
2014;8;{47598886, 51689383, 49876712, 51688970, 50101167, 51850383, 50649342, 50627679}
2015;3;{54766360, 52778419, 53877583}
2016;10;{55630593, 55630594, 55455683, 55163980, 54476944, 55552304, 57007186, 56365110, 57007230, 56615678}
2017;8;{60382689, 59062919, 56740266, 58461390, 58601490, 57989139, 59148114, 59895643}
2018;10;{61140225, 61129474, 58739075, 63594084, 63676327, 64454152, 62907340, 62190574, 65432112, 57233617}
2019;13;{65810465, 68060383, 65524995, 65243660, 68059276, 67951023, 66951507, 66297910, 66243287, 62386808, 67687862, 65232894, 66189983}

abstracts
year;number of occurrences;corresponding docdb family IDs
2000;5;{14208649, 16240620, 26455854, 27382039, 16161498}
2001;10;{17087968, 34635971, 26244804, 7628711, 18553132, 26509776, 18599509, 19622773, 27079669, 18581980}
2002;3;{8176808, 19709666, 26681486}
2003;10;{31987264, 30770881, 19116355, 19123979, 29578225, 29721393, 29270609, 19175161, 29736380, 19135903}
2004;12;{33432228, 32040873, 32468874, 32338827, 30000879, 32708592, 31943922, 32588211, 33490617, 32171036, 33157246, 32985055}
2005;9;{34746824, 34131627, 34100940, 34833711, 34896400, 34098357, 34431446, 34090556, 34090527}
2006;5;{37519651, 35462256, 35799952, 36777016, 36089855}
2007;16;{38117952, 38372098, 37944132, 38327205, 38478278, 38242889, 38955887, 37778417, 39758737, 37603669, 38181782, 48096375, 38217750, 37716986, 38517947, 37878783}
2008;11;{39219169, 39184225, 39777539, 39904678, 39032904, 49684330, 39226124, 39364655, 39314160, 38792720, 39736432}
2009;18;{40674081, 41001602, 41198275, 40549537, 40488870, 40039723, 41114349, 41254702, 39110831, 41053424, 41429903, 41684178, 40605459, 40717428, 40668790, 40384631, 41133462, 40291226}
2010;14;{42828325, 42935813, 42188584, 42935753, 45004265, 43300218, 42934641, 41706970, 43111827, 42036950, 43513367, 42739289, 43029434, 42730139}
2011;38;{44225408, 44318598, 44506246, 44195722, 42813327, 44860818, 44130583, 42710554, 43649179, 42040480, 44787748, 44903845, 44958118, 44341033, 44355246, 43900208, 44711738, 45032250, 44267196, 43446336, 44959680, 44195911, 43924679, 44130762, 43447755, 45371217, 44598614, 44174936, 44018661, 44067045, 44501741, 44759918, 43887729, 43534323, 42830068, 44216691, 45075959, 44563198}
2012;35;{45438081, 45927298, 45810322, 46145565, 46652205, 46315822, 46563760, 46382773, 47070773, 45420984, 47125049, 47423166, 45774142, 45496644, 46275914, 46563532, 45723085, 45594578, 46580947, 47088211, 47219667, 46894425, 43720025, 45869529, 46602201, 46672605, 47217245, 47217248, 48804066, 45975266, 47009135, 45892212, 47067383, 47259898, 46926335}
2013;36;{45445768, 48872968, 46982666, 48817160, 45094408, 48534797, 46650515, 49564564, 47909910, 48947101, 48742558, 48699169, 48962850, 46229297, 48051377, 47995132, 47563320, 45023544, 47715772, 47172549, 49772357, 47520842, 48605392, 47912149, 48043478, 49222486, 46851809, 47630055, 48534897, 49551221, 47614966, 47080184, 48904697, 47225979, 48437116, 49852287}
2014;41;{51387522, 51688970, 51850383, 50271505, 50685458, 52142355, 50828184, 51297050, 47598886, 51209767, 51689383, 51207209, 50545322, 51831206, 49913388, 50440234, 51299886, 49920681, 49515443, 51623356, 50973887, 51791555, 49474513, 51896018, 47425237, 49989850, 51387489, 50977892, 50278247, 49876712, 50626537, 50232553, 51164656, 51164658, 52141171, 51988082, 49896566, 49911288, 48917628, 50708477, 50977919}
2015;28;{49209218, 50639618, 53681803, 54700941, 50543634, 53878163, 51492371, 54801172, 54766360, 54391962, 54265883, 54245532, 53482144, 54556707, 53441573, 53180072, 52995753, 53782442, 53778363, 53523773, 54106948, 53681230, 53877583, 53053137, 51790823, 51987183, 50028913, 54239988}
2016;30;{55630593, 55630594, 58088450, 57713547, 53059344, 54476944, 57277842, 57503890, 56126998, 54256662, 57329689, 52595230, 54478113, 55065644, 55552304, 57166774, 57208889, 55263171, 55455683, 56163267, 56401480, 56234185, 55442634, 55857615, 55537233, 55065691, 55760094, 55300964, 55955186, 56923516}
2017;38;{61230851, 57685380, 59966341, 60325515, 60117262, 55646223, 58601490, 57989139, 57583641, 59963035, 59684893, 57608105, 56740266, 59964075, 59357230, 59147957, 60325814, 58422587, 58561983, 59851719, 57757384, 58461390, 59148114, 60329427, 58800212, 58693720, 59895643, 58694876, 56101598, 60412767, 57937505, 60382689, 58097000, 59088492, 59630192, 59997560, 58767481, 59118974}
2018;33;{64565633, 61129474, 61140225, 62598275, 64454152, 64405137, 60988960, 63676327, 61866411, 61563436, 61246384, 63106737, 65432112, 59399353, 62709566, 60409151, 61280450, 63676357, 63356872, 61070152, 62907340, 57233617, 62023127, 59858648, 63668064, 59388129, 64565602, 63594084, 63676518, 64659430, 61157223, 62190574, 63252734}
2019;56;{68056706, 60954754, 68057739, 65243660, 68059276, 66282510, 68863503, 65015833, 66071453, 63713695, 66189983, 63642529, 68383650, 61827492, 64267902, 67951023, 67623217, 68054706, 66297910, 64456887, 67468600, 59298232, 67687862, 67212475, 64940987, 68101311, 65010497, 68291523, 65361989, 66170439, 68616777, 68061898, 65527883, 64308557, 66951507, 60450773, 68386517, 68408919, 66243287, 65723735, 63080025, 67905241, 64048989, 67301469, 68060383, 62092001, 66631522, 65994465, 66111974, 68256238, 65864687, 66820463, 68062064, 66913018, 65232894, 65900543}



String / string group: ['repair', 'repairing']

titles
year;number of occurrences;corresponding docdb family IDs
2003;1;{29721393}
2006;1;{36680026}
2009;1;{41199702}
2010;1;{43104105}
2011;2;{43926242, 44962214}
2012;6;{45469696, 46140517, 46208429, 46383033, 45935770, 46878619}
2013;1;{47010489}
2014;1;{50101167}
2015;3;{51893980, 53620757, 52775135}
2016;1;{56149020}
2017;1;{58323145}
2018;1;{61728548}

abstracts
year;number of occurrences;corresponding docdb family IDs
2004;1;{32677807}
2005;1;{34259877}
2006;2;{36916568, 35432762}
2007;3;{37758689, 39140305, 37429260}
2008;2;{39741977, 39955467}
2009;5;{40680265, 40431151, 41199702, 40627382, 40880831}
2010;2;{43222200, 43104105}
2011;6;{44973952, 44483107, 44174918, 44962214, 44670860, 45067310}
2012;13;{45469696, 47006595, 46879557, 46140517, 46887175, 47260075, 46208429, 46177391, 46794869, 46383033, 45935770, 46878619, 44860508}
2013;10;{46796228, 48085549, 48429102, 48784783, 48428944, 49222894, 48022610, 47010489, 48437947, 49624028}
2014;7;{50342276, 51724935, 50101167, 50881396, 51062360, 50289593, 52142748}
2015;8;{53057635, 51987079, 54332651, 53620757, 52827545, 53367418, 51893980, 52775135}
2016;6;{55079619, 56916645, 56400207, 55018771, 56149020, 54477822}
2017;13;{60783816, 58323145, 58273994, 58498923, 58801259, 58827913, 58755054, 60050571, 58240496, 60249552, 58340312, 61230874, 59273468}
2018;10;{62908096, 61728548, 62894892, 61196269, 61073614, 63266482, 60892435, 62491894, 64206136, 57396345}
2019;15;{65903776, 65451490, 65439718, 66978377, 66993129, 68501353, 66437645, 68615727, 68512209, 65039602, 67445810, 66993076, 65439287, 68538776, 66149337}



String / string group: ['waste']

titles
year;number of occurrences;corresponding docdb family IDs
2003;1;{7704822}
2004;2;{34317193, 31943922}
2008;2;{39314160, 39443565}
2009;2;{41001602, 40262245}
2010;1;{42982747}
2011;6;{43650018, 44903844, 44903845, 44318598, 43844582, 47176106}
2012;6;{46767651, 43743532, 47177485, 46672784, 45530453, 47295672}
2013;2;{48962850, 48279902}
2014;4;{51850383, 49956041, 51769819, 51657655}
2015;5;{53337670, 53877583, 53877584, 51212815, 53681554}
2016;12;{55630594, 55549859, 55302826, 54540912, 55537233, 56614449, 56879156, 57087990, 58161023, 54035322, 55651868, 56798719}
2017;6;{60382689, 59434151, 59357230, 59071121, 59148114, 59147957}
2018;9;{61069472, 61140225, 61129474, 64279074, 58009956, 61246384, 61256531, 62955321, 63253051}
2019;10;{66971049, 67369226, 68856236, 62751025, 65352305, 68616211, 64557110, 68727833, 65002139, 65362974}

abstracts
year;number of occurrences;corresponding docdb family IDs
2000;6;{9541248, 8237380, 26562534, 23272914, 19615154, 8238876}
2001;5;{23435010, 7628711, 26592457, 3896371, 21641877}
2002;5;{21741828, 21678414, 18751096, 50781020, 25490430}
2003;3;{8178593, 29578225, 7704822}
2004;5;{34317193, 29996749, 32708592, 29723761, 31943922}
2005;1;{34920561}
2006;4;{36441936, 36938135, 49546741, 35732647}
2007;9;{38117952, 38775104, 38841538, 38475108, 38934574, 39282416, 38667894, 37942746, 39140573}
2008;12;{38328258, 39472484, 39588839, 39535304, 38981033, 39720746, 39955467, 39314160, 39668368, 50443121, 38997337, 38771098}
2009;6;{41001602, 43588162, 40262245, 40642320, 41470458, 41015742}
2010;10;{52727522, 43356484, 41138951, 42790732, 41724238, 42982747, 42790676, 43513367, 42152794, 42799547}
2011;29;{43910786, 44318598, 44114567, 43531787, 44071954, 44653714, 44353176, 44146072, 43786140, 44354979, 43877284, 44903844, 44903845, 47176106, 44369196, 44652085, 43437247, 43526352, 44786899, 44904024, 43900383, 43568223, 43650018, 44067045, 43844582, 43794922, 44168311, 43431801, 44914554}
2012;30;{47296258, 45441032, 45564301, 45464590, 46271374, 46672784, 47177485, 46145565, 45002656, 46767651, 46383272, 43743532, 46313900, 46471345, 46794933, 45526008, 47907897, 44789448, 45493071, 45530453, 46672605, 47139806, 46243937, 46334439, 46929647, 45526000, 46827888, 45526006, 46605176, 46605178}
2013;24;{48472838, 48983942, 48817160, 48534797, 48013589, 47506710, 47915030, 49259161, 47831455, 48962850, 49136547, 48469292, 46829879, 45023544, 48902330, 47753792, 48721742, 48864732, 49624028, 49327840, 47837411, 47742704, 48899833, 48612859}
2014;23;{50273798, 50934926, 51850383, 49111192, 50543258, 50181920, 50544804, 49883176, 51523499, 49913388, 51206191, 51657655, 49956041, 51911504, 47425237, 50231002, 51769819, 50068700, 51484648, 51484649, 50880235, 49679470, 50977919}
2015;21;{53399178, 53866763, 51212815, 53681554, 51660443, 52529824, 53043235, 54239400, 53125936, 53337670, 53877583, 53877584, 54767568, 54168146, 54931281, 53092698, 54844399, 52161012, 52738170, 52155517, 54766206}
2016;29;{55630594, 58088450, 55608457, 56816268, 53476753, 57135761, 57217557, 53783704, 56149020, 55651868, 55077533, 55549859, 55302826, 55302827, 55552304, 56614449, 56745138, 56879156, 56365110, 58161023, 56165325, 55537233, 55722971, 55250285, 54540912, 57087990, 55886202, 54035322, 56798719}
2017;34;{60097027, 60202755, 58905992, 59289101, 59118990, 58601490, 58188822, 57810458, 59326875, 58488350, 59434151, 58988841, 58762286, 59147957, 59190581, 59998396, 59228611, 58340548, 59476932, 60227015, 59851080, 60477641, 60577992, 59398477, 58843726, 59148114, 57853783, 60382689, 59635170, 57834217, 60644594, 58418292, 60597494, 58276862}
2018;45;{64140536, 61140225, 61129474, 63919494, 63596680, 63792909, 64567573, 63843738, 63049116, 63674268, 60988960, 61069472, 64279074, 64016815, 61246384, 62839856, 64105012, 63096886, 62955321, 60787130, 63253051, 63263673, 63108031, 62176704, 61876932, 61256531, 63198164, 62023127, 61788888, 62568026, 59054043, 63865946, 62171742, 61246942, 60951136, 63632478, 63594084, 62023015, 62478441, 62491894, 63713528, 63674617, 64098682, 64274043, 63011710}
2019;67;{65464577, 66819970, 66246410, 67369226, 66282510, 65051407, 68551312, 68576273, 67991058, 68616211, 67569687, 65276184, 68727833, 66885275, 65362974, 65524896, 65408930, 65040931, 65671971, 66049188, 67493415, 66302249, 66335401, 66971049, 67218345, 68419627, 68856236, 65812271, 67951023, 67365426, 66246325, 64557110, 66334267, 65655870, 66943552, 65809989, 65526215, 66458695, 66696649, 68140743, 67066571, 64267596, 68291020, 65799375, 66865743, 67987408, 66538707, 68982874, 68983643, 67909727, 65717984, 67255008, 66631522, 67908577, 66408292, 61691493, 65411813, 68325727, 68336864, 65994477, 67063920, 65352305, 62091762, 67487476, 68062199, 67064186, 66397051}



String / string group: ['durable', 'durability']

titles
year;number of occurrences;corresponding docdb family IDs
2000;1;{26850710}
2012;2;{45894342, 45697678}
2014;2;{48795640, 49949155}
2016;1;{57588510}
2017;1;{56889217}
2018;2;{64508498, 62868767}
2019;2;{60190538, 68512523}

abstracts
year;number of occurrences;corresponding docdb family IDs
2000;9;{27528998, 19574247, 19593128, 23385865, 16857324, 26810864, 26850710, 19576152, 15614300}
2001;11;{27529121, 27337381, 24234088, 16594410, 23387243, 27347372, 18100685, 18578734, 27331215, 17085622, 18664346}
2002;10;{18729025, 19711587, 18810984, 27482316, 27500431, 18976304, 24965967, 18723442, 26603311, 29716410}
2003;7;{27482336, 27348002, 27736526, 19107251, 28457237, 19111835, 27347036}
2004;18;{32040448, 33475223, 32905385, 31197353, 33296074, 29774127, 32063569, 32866164, 31973077, 32030806, 31982135, 32911416, 32044629, 32321623, 32467995, 32906004, 32462909, 32984671}
2005;17;{35097922, 35510019, 35124966, 35394438, 35241960, 36099594, 34208971, 35425708, 34191085, 34456846, 35425709, 35425711, 36928880, 34225426, 34131605, 35056026, 35064091}
2006;16;{37510240, 34960834, 35771076, 35785284, 36673348, 36793159, 37073351, 37308073, 35732652, 36099822, 36059887, 37431283, 37431284, 36793113, 36314268, 35786045}
2007;16;{37895585, 38067137, 38071653, 37855560, 38005865, 38655353, 37016267, 37899660, 37899661, 37962475, 38831688, 38655602, 37697460, 38563673, 37674329, 37950590}
2008;19;{39689856, 39510017, 38926214, 39500039, 39401739, 39996059, 39943470, 39364655, 39411763, 38896826, 39584443, 39795004, 39462471, 39517397, 40049369, 39297642, 39808366, 59846907, 39608575}
2009;20;{40591106, 40225544, 40935698, 40534547, 40624025, 40305052, 40834461, 40952229, 40952231, 40467635, 40591157, 40363190, 43588162, 40092747, 40408014, 41684178, 40997592, 40139227, 41444587, 41549804}
2010;29;{42287619, 42246022, 40756487, 42562190, 42395411, 42730132, 43354644, 42287906, 41213481, 42541617, 41724993, 42106434, 42710085, 41198537, 42561739, 43362515, 51358292, 42316373, 42665691, 42977628, 43359197, 43359198, 42287847, 42728169, 42266608, 42732018, 42266611, 42266613, 42542079}
2011;46;{43628160, 43413636, 43216389, 44318852, 45348751, 43627412, 44367764, 43925783, 44146712, 44243610, 43064604, 44914462, 42735228, 44069152, 44166944, 45347875, 44752676, 44914464, 43544232, 44787630, 44912056, 43627450, 44972730, 45115835, 44711487, 44454081, 43534274, 44145605, 44646351, 43826131, 44305748, 43259862, 43876054, 43970780, 44656860, 43795810, 43902819, 43412848, 43922032, 44062321, 44247536, 44011508, 44260725, 43544054, 43875963, 43778428}
2012;73;{46457474, 45527555, 46638725, 47072391, 45831304, 46148744, 44533899, 46640012, 45993741, 46758285, 47006607, 45938067, 45873555, 45559318, 44503583, 45470753, 45559332, 46815268, 46172074, 47260075, 47142574, 47041583, 47068336, 46602417, 47216943, 47216947, 46048053, 46757685, 45975607, 46235449, 46688826, 47216955, 46602621, 43630014, 46092480, 45935810, 45894342, 46965575, 46577614, 46056401, 45723091, 44503635, 45770965, 45996500, 47261908, 47362133, 45934427, 46383323, 47423070, 46879839, 47176673, 47176674, 47217256, 47217257, 47259371, 42829548, 46930669, 46720622, 46720623, 46188784, 46929649, 45567730, 45567731, 46401011, 45441141, 46162550, 47217266, 45493880, 46145529, 46581243, 45527293, 46544382, 47422699}
2013;68;{48192256, 49631490, 47664135, 48043788, 47756045, 49300622, 48043789, 48288653, 48140689, 48697996, 49116174, 49388303, 49461138, 48289942, 48905366, 49161112, 47437081, 47744156, 48667934, 47914911, 49482782, 49673120, 48915106, 49623718, 47323945, 48799405, 48873645, 49260591, 49327537, 49514289, 49621937, 48947764, 48022581, 48535222, 47629115, 47746496, 48464705, 49179204, 45654982, 47998278, 49384523, 48612303, 47428945, 47827793, 48524241, 47756246, 48697558, 48697560, 49117018, 48697566, 48905055, 49117022, 47742689, 47605602, 49259487, 49623646, 49156967, 49116520, 49768558, 47558641, 49179124, 49005173, 48993014, 48427255, 48947706, 48947707, 48520957, 52462079}
2014;79;{49783299, 51391495, 49111048, 51390990, 51428366, 51152914, 49911828, 51747356, 51536933, 51386920, 51623987, 50387512, 51536441, 50183231, 51623502, 49033817, 51624547, 50977892, 50388091, 50479740, 50268814, 50732189, 48040095, 48288937, 52104873, 51696299, 50434736, 50237105, 49881779, 51789499, 49679555, 50269396, 51867349, 51624670, 50892003, 52455151, 51867386, 50910978, 50284803, 50626821, 49585418, 52017424, 51933457, 51132692, 50182425, 50408222, 51021087, 49783085, 51988786, 51988787, 50319161, 52022082, 52022083, 50036548, 52022084, 52022086, 50319181, 50237286, 50186609, 51624820, 50684798, 51569544, 50183563, 52676015, 51488177, 48914359, 51624385, 51061189, 50910678, 50252248, 50147802, 51733476, 51428329, 51164655, 50066417, 49674233, 51021308, 50544637, 50387455}
2015;80;{52484096, 54479371, 54479372, 53386766, 52582927, 51492884, 52585492, 53681688, 54250008, 54556705, 51211814, 54322729, 54322730, 52346412, 50023483, 54195268, 54195786, 53477968, 51626065, 54839895, 54261853, 54287970, 53192803, 54287971, 52994664, 53545608, 52828302, 52689054, 52784800, 53264549, 52279974, 53198513, 52993207, 54071486, 54361799, 52630216, 53266124, 54194380, 52004046, 54481634, 52777190, 51743471, 54018290, 52813044, 53267205, 53267207, 52023560, 52346138, 52440863, 54287656, 53523771, 51794748, 54479678, 53681477, 53173063, 53040460, 51795796, 54194523, 53200228, 52431720, 52431723, 52778868, 53681016, 53372280, 53681021, 53681024, 53790081, 54833034, 54007179, 54061460, 53378982, 52574125, 54143921, 51610045, 53389245, 53182940, 53182942, 52827616, 54432230, 52692974}
2016;98;{55458825, 55653901, 57248278, 55177763, 53938213, 55350830, 53900854, 53887034, 56434234, 56886845, 56543807, 57516099, 55792711, 53938253, 56149591, 56149593, 54850138, 57353829, 55860848, 57135736, 55486073, 57585277, 56937597, 55761024, 55630982, 55585416, 55954070, 56026264, 55631001, 55532187, 56102557, 53969055, 55399583, 56937636, 56091815, 56919721, 56026284, 55857838, 56126129, 56126130, 56126131, 56126132, 56126133, 56126134, 56126135, 56126136, 56126137, 56126138, 56126139, 56920248, 55459016, 55808212, 55857882, 56888544, 56365798, 56084204, 57199345, 56851192, 54199039, 55789835, 55990544, 56920336, 57244432, 55746838, 57005846, 57588510, 57320230, 56888617, 56026930, 57452852, 55801156, 55632197, 57399109, 55792457, 55801163, 55801164, 55532883, 55857497, 56498521, 56978272, 56079724, 56092019, 57199479, 57454972, 55962496, 56975757, 56689047, 51866018, 56978852, 57467301, 56552870, 54848444, 54866877, 55455679, 55867356, 54850023, 55016430, 56543740}
2017;88;{59685392, 58187798, 58046487, 57685020, 60330528, 59357736, 59814440, 58239023, 58386488, 60041796, 59679816, 58423890, 57684051, 59362386, 58495071, 57884773, 58104426, 59855984, 58797178, 57017982, 59630211, 58637445, 60297875, 58423957, 58386587, 59650210, 59899556, 59361963, 60578484, 58694838, 60746946, 57018052, 59224787, 58559190, 60664023, 60664024, 57685724, 58426601, 57890538, 58488045, 56738033, 59685115, 59225344, 58288387, 57775878, 58288902, 60920582, 55404810, 58288911, 54703889, 58695441, 58100499, 60042523, 60746526, 58224944, 60578609, 58556732, 59353923, 59897173, 57996126, 58043231, 60044129, 56939886, 60411765, 60001143, 58283395, 58640272, 57945490, 60423063, 56571291, 60578211, 58049444, 56939945, 60578218, 55129522, 59313594, 59895740, 59310525, 58386399, 58494943, 59799008, 59089890, 59624932, 58500077, 58405358, 59685357, 60119540, 59686394}
2018;82;{62707712, 63169536, 63675904, 62106122, 63581215, 63695392, 62630968, 63864898, 61912647, 59772489, 64456265, 61162062, 64508498, 61759063, 63250529, 61560427, 60953721, 62195838, 62024836, 61690513, 62843539, 59101335, 59101336, 62202012, 59761822, 62561957, 64395429, 61831343, 61618869, 64458937, 63852734, 61163205, 64274120, 62023374, 63576789, 63677149, 63677152, 61280993, 63675618, 63855841, 62240499, 61166852, 64460552, 63971603, 62626074, 62711066, 64480550, 62491431, 64480552, 63790377, 61000491, 61692207, 63169336, 64480571, 63916859, 64480573, 63447357, 62768447, 61660485, 61757254, 62627663, 65008485, 61309288, 61162346, 63712618, 61831025, 64669041, 61688187, 58158985, 64659340, 61240721, 64660888, 62076321, 56615888, 63676368, 60910554, 61558752, 64743392, 64096743, 60785134, 62240239, 61726205}
2019;58;{68171776, 68163201, 65494018, 65635075, 66101378, 67982852, 65019910, 66948999, 66100615, 68540162, 66886922, 67301514, 65011980, 66538765, 68512523, 68061455, 67624976, 68983690, 65631780, 66379685, 66672549, 63833895, 68616357, 67479722, 68615722, 65633969, 67214200, 68917246, 68236983, 68385215, 67479745, 68619074, 68105415, 64650316, 66675916, 66438481, 65229013, 65902297, 60515163, 65811164, 66977120, 65901156, 65724005, 68615653, 68696806, 63578984, 65271144, 66533354, 68697317, 68052973, 68061551, 68239605, 66751606, 68982647, 65638776, 67985659, 65633917, 68207358}



String / string group: ['closed loop']

titles
year;number of occurrences;corresponding docdb family IDs
2004;1;{32507732}
2007;1;{37499891}
2011;3;{42792996, 42543245, 44626654}
2014;1;{51022159}
2016;1;{54601585}
2017;4;{59387232, 56959061, 56959062, 59788806}
2018;1;{63524490}
2019;1;{64940987}

abstracts
year;number of occurrences;corresponding docdb family IDs
2000;4;{22699903, 23247502, 23246422, 19574247}
2001;2;{24123736, 24245319}
2002;3;{7665274, 26947086, 27363527}
2003;1;{27800296}
2004;4;{33104208, 31895659, 32507732, 33396037}
2006;1;{37396178}
2007;1;{38737090}
2008;4;{39888752, 39690339, 40192629, 39208047}
2009;3;{40912435, 41136532, 41454580}
2010;3;{43508729, 40935506, 43223189}
2011;5;{42792996, 43528331, 42543245, 44030577, 43729783}
2012;4;{46319680, 47174409, 46720626, 45895932}
2013;13;{49625952, 47137698, 48085509, 49368582, 47712139, 45953297, 49290354, 49291729, 47506197, 49042424, 46852190, 49625915, 47137694}
2014;8;{50828032, 50236195, 47624259, 50307641, 51022159, 51563344, 49212569, 50529882}
2015;8;{54766272, 50289732, 54698679, 53482990, 54063633, 54191701, 53524343, 54839675}
2016;12;{51383557, 56542790, 57004551, 53783692, 55064144, 54199665, 54601585, 57248625, 54866292, 55582196, 55027767, 55696858}
2017;12;{59066528, 59387232, 59788806, 60466438, 58017903, 59090256, 59788464, 59885457, 57834131, 59078135, 54359672, 58188795}
2018;8;{61073828, 61938470, 58159311, 60990644, 59383636, 62624890, 61972477, 61301887}
2019;10;{68294888, 66859081, 66867146, 65496747, 67065002, 65000751, 68062199, 64940987, 63209373, 68540447}



